; matrix-scan  -v 1 -quick -seq_format fasta -i $RSAT/public_html/tmp/apache/2014/09/06/peak-motifs.2014-09-06.011249_2014-09-06.011249_H1RYPN/data/sequences/peak-motifs_test_maxlen1000.fasta -matrix_format transfac -m $RSAT/public_html/tmp/apache/2014/09/06/peak-motifs.2014-09-06.011249_2014-09-06.011249_H1RYPN/results/discovered_motifs/oligos_8nt_mkv2/peak-motifs_oligos_8nt_mkv2.tf -pseudo 1 -2str -decimals 1 -bg_pseudo 0.01 -n score -lth score -5 -bginput -markov 1 -return distrib -return occ_proba -o $RSAT/public_html/tmp/apache/2014/09/06/peak-motifs.2014-09-06.011249_2014-09-06.011249_H1RYPN/results/discovered_motifs/oligos_8nt_mkv2/peak-motifs_oligos_8nt_mkv2_scan_mkv1_enrichment.tab
; Quick counting mode          
; Input files
;	input	/vh/rsat/rsat/public_html/tmp/apache/2014/09/06/peak-motifs.2014-09-06.011249_2014-09-06.011249_H1RYPN/data/sequences/peak-motifs_test_maxlen1000.fasta
; Matrix files
;	matrix 1	/vh/rsat/rsat/public_html/tmp/apache/2014/09/06/peak-motifs.2014-09-06.011249_2014-09-06.011249_H1RYPN/results/discovered_motifs/oligos_8nt_mkv2/peak-motifs_oligos_8nt_mkv2.tf
; Sequence format      	fasta
; Output files
;	output	/vh/rsat/rsat/public_html/tmp/apache/2014/09/06/peak-motifs.2014-09-06.011249_2014-09-06.011249_H1RYPN/results/discovered_motifs/oligos_8nt_mkv2/peak-motifs_oligos_8nt_mkv2_scan_mkv1_enrichment.tab
; Pseudo counts        	1
; Background model
;	Method        	input
;	Markov order  	1
;	Strand        	undef
;	Background pseudo-frequency	0.01
;	Residue probabilities
;		a	0.29011
;		c	0.21156
;		g	0.20757
;		t	0.29076
; Thresholds	lower	upper
;	score 	-5   	NA
;
; Matrices
;	matrix	name           	ncol	nrow	pseudo	Wmin	Wmax	Wrange
;	1	oligos_8nt_mkv2	12	4	1	-16.700	12.700	29.400	a:0.290 c:0.212 g:0.208 t:0.291 
;
; Score distribution
#matrix	score	occ	occ_cum	inv_cum	inv_cum_freq	occ_prior	exp_occ	occ_Pval	occ_Eval	occ_sig	occ_sig_rank
oligos_8nt_mkv2	-5.0	125	15607	4013	2.045570e-01	2.130234e-01	4179.09	9.982363e-01	1.108042e+02	-2.04	1
oligos_8nt_mkv2	-4.9	120	15727	3893	1.984402e-01	2.044190e-01	4010.29	9.817499e-01	1.089742e+02	-2.04	2
oligos_8nt_mkv2	-4.8	124	15851	3769	1.921195e-01	1.978019e-01	3880.48	9.779187e-01	1.085490e+02	-2.04	3
oligos_8nt_mkv2	-4.7	120	15971	3649	1.860027e-01	1.902435e-01	3732.20	9.363696e-01	1.039370e+02	-2.02	4
oligos_8nt_mkv2	-4.6	105	16076	3544	1.806504e-01	1.838683e-01	3607.13	8.796900e-01	9.764558e+01	-1.99	5
oligos_8nt_mkv2	-4.5	122	16198	3422	1.744316e-01	1.785461e-01	3502.72	9.353303e-01	1.038217e+02	-2.02	6
oligos_8nt_mkv2	-4.4	110	16308	3312	1.688245e-01	1.722401e-01	3379.01	8.993324e-01	9.982590e+01	-2.00	7
oligos_8nt_mkv2	-4.3	123	16431	3189	1.625548e-01	1.672945e-01	3281.98	9.635102e-01	1.069496e+02	-2.03	8
oligos_8nt_mkv2	-4.2	98	16529	3091	1.575594e-01	1.617576e-01	3173.36	9.463106e-01	1.050405e+02	-2.02	9
oligos_8nt_mkv2	-4.1	100	16629	2991	1.524620e-01	1.557392e-01	3055.29	8.992285e-01	9.981436e+01	-2.00	10
oligos_8nt_mkv2	-4.0	86	16715	2905	1.480783e-01	1.511099e-01	2964.47	8.842620e-01	9.815308e+01	-1.99	11
oligos_8nt_mkv2	-3.9	100	16815	2805	1.429809e-01	1.456601e-01	2857.56	8.586427e-01	9.530934e+01	-1.98	12
oligos_8nt_mkv2	-3.8	134	16949	2671	1.361505e-01	1.406728e-01	2759.72	9.669664e-01	1.073333e+02	-2.03	13
oligos_8nt_mkv2	-3.7	110	17059	2561	1.305434e-01	1.354737e-01	2657.72	9.791411e-01	1.086847e+02	-2.04	14
oligos_8nt_mkv2	-3.6	111	17170	2450	1.248853e-01	1.306067e-01	2562.24	9.918313e-01	1.100933e+02	-2.04	15
oligos_8nt_mkv2	-3.5	73	17243	2377	1.211642e-01	1.251866e-01	2455.91	9.571494e-01	1.062436e+02	-2.03	16
oligos_8nt_mkv2	-3.4	89	17332	2288	1.166276e-01	1.194546e-01	2343.46	8.912808e-01	9.893217e+01	-2.00	17
oligos_8nt_mkv2	-3.3	107	17439	2181	1.111734e-01	1.143653e-01	2243.62	9.220383e-01	1.023463e+02	-2.01	18
oligos_8nt_mkv2	-3.2	103	17542	2078	1.059231e-01	1.097964e-01	2153.99	9.601891e-01	1.065810e+02	-2.03	19
oligos_8nt_mkv2	-3.1	101	17643	1977	1.007748e-01	1.047086e-01	2054.17	9.654957e-01	1.071700e+02	-2.03	20
oligos_8nt_mkv2	-3.0	85	17728	1892	9.644204e-02	9.965469e-02	1955.03	9.355359e-01	1.038445e+02	-2.02	21
oligos_8nt_mkv2	-2.9	93	17821	1799	9.170150e-02	9.434434e-02	1850.85	8.998545e-01	9.988385e+01	-2.00	22
oligos_8nt_mkv2	-2.8	88	17909	1711	8.721582e-02	8.975608e-02	1760.83	8.960399e-01	9.946042e+01	-2.00	23
oligos_8nt_mkv2	-2.7	78	17987	1633	8.323988e-02	8.534264e-02	1674.25	8.571148e-01	9.513974e+01	-1.98	24
oligos_8nt_mkv2	-2.6	66	18053	1567	7.987562e-02	8.154931e-02	1599.83	8.075049e-01	8.963304e+01	-1.95	25
oligos_8nt_mkv2	-2.5	64	18117	1503	7.661331e-02	7.750600e-02	1520.51	6.836944e-01	7.589008e+01	-1.88	26
oligos_8nt_mkv2	-2.4	79	18196	1424	7.258640e-02	7.341495e-02	1440.25	6.756461e-01	7.499672e+01	-1.88	27
oligos_8nt_mkv2	-2.3	52	18248	1372	6.993577e-02	6.996416e-02	1372.56	5.102015e-01	5.663237e+01	-1.75	28
oligos_8nt_mkv2	-2.2	57	18305	1315	6.703028e-02	6.699261e-02	1314.26	4.956334e-01	5.501530e+01	-1.74	29
oligos_8nt_mkv2	-2.1	40	18345	1275	6.499133e-02	6.401141e-02	1255.78	2.914623e-01	3.235232e+01	-1.51	30
oligos_8nt_mkv2	-2.0	40	18385	1235	6.295239e-02	6.137279e-02	1204.01	1.820128e-01	2.020342e+01	-1.31	31
oligos_8nt_mkv2	-1.9	48	18433	1187	6.050566e-02	5.888718e-02	1155.25	1.714987e-01	1.903635e+01	-1.28	32
oligos_8nt_mkv2	-1.8	50	18483	1137	5.795698e-02	5.623556e-02	1103.23	1.513082e-01	1.679521e+01	-1.23	33
oligos_8nt_mkv2	-1.7	53	18536	1084	5.525538e-02	5.388483e-02	1057.11	2.016275e-01	2.238065e+01	-1.35	34
oligos_8nt_mkv2	-1.6	42	18578	1042	5.311449e-02	5.182205e-02	1016.65	2.111960e-01	2.344276e+01	-1.37	35
oligos_8nt_mkv2	-1.5	32	18610	1010	5.148333e-02	4.951112e-02	971.31	1.048947e-01	1.164331e+01	-1.07	36
oligos_8nt_mkv2	-1.4	43	18653	967	4.929147e-02	4.771581e-02	936.09	1.542377e-01	1.712039e+01	-1.23	37
oligos_8nt_mkv2	-1.3	49	18702	918	4.679376e-02	4.558360e-02	894.26	2.125982e-01	2.359840e+01	-1.37	38
oligos_8nt_mkv2	-1.2	52	18754	866	4.414313e-02	4.372158e-02	857.73	3.911900e-01	4.342208e+01	-1.64	39
oligos_8nt_mkv2	-1.1	42	18796	824	4.200224e-02	4.159367e-02	815.98	3.921182e-01	4.352512e+01	-1.64	40
oligos_8nt_mkv2	-1.0	48	18844	776	3.955551e-02	3.922025e-02	769.42	4.094833e-01	4.545264e+01	-1.66	41
oligos_8nt_mkv2	-0.9	42	18886	734	3.741462e-02	3.731678e-02	732.08	4.763726e-01	5.287736e+01	-1.72	42
oligos_8nt_mkv2	-0.8	49	18935	685	3.491691e-02	3.531632e-02	692.84	6.243964e-01	6.930800e+01	-1.84	43
oligos_8nt_mkv2	-0.7	57	18992	628	3.201142e-02	3.310469e-02	649.45	8.090584e-01	8.980548e+01	-1.95	44
oligos_8nt_mkv2	-0.6	44	19036	584	2.976858e-02	3.114131e-02	610.93	8.706169e-01	9.663847e+01	-1.99	45
oligos_8nt_mkv2	-0.5	37	19073	547	2.788256e-02	2.926517e-02	574.12	8.795447e-01	9.762946e+01	-1.99	46
oligos_8nt_mkv2	-0.4	22	19095	525	2.676114e-02	2.741982e-02	537.92	7.198138e-01	7.989933e+01	-1.90	47
oligos_8nt_mkv2	-0.3	39	19134	486	2.477317e-02	2.582040e-02	506.54	8.281008e-01	9.191919e+01	-1.96	48
oligos_8nt_mkv2	-0.2	30	19164	456	2.324396e-02	2.414739e-02	473.72	8.010914e-01	8.892114e+01	-1.95	49
oligos_8nt_mkv2	-0.1	18	19182	438	2.232643e-02	2.261822e-02	443.72	6.148191e-01	6.824492e+01	-1.83	50
oligos_8nt_mkv2	0.0	18	19200	420	2.140891e-02	2.102531e-02	412.47	3.607044e-01	4.003819e+01	-1.60	51
oligos_8nt_mkv2	0.1	32	19232	388	1.977776e-02	1.983107e-02	389.05	5.283075e-01	5.864213e+01	-1.77	52
oligos_8nt_mkv2	0.2	26	19258	362	1.845244e-02	1.850828e-02	363.10	5.303137e-01	5.886482e+01	-1.77	53
oligos_8nt_mkv2	0.3	10	19268	352	1.794271e-02	1.740301e-02	341.41	2.888051e-01	3.205737e+01	-1.51	54
oligos_8nt_mkv2	0.4	15	19283	337	1.717810e-02	1.641680e-02	322.06	2.077690e-01	2.306236e+01	-1.36	55
oligos_8nt_mkv2	0.5	17	19300	320	1.631155e-02	1.563966e-02	306.82	2.314554e-01	2.569155e+01	-1.41	56
oligos_8nt_mkv2	0.6	24	19324	296	1.508818e-02	1.483876e-02	291.11	3.942309e-01	4.375963e+01	-1.64	57
oligos_8nt_mkv2	0.7	7	19331	289	1.473137e-02	1.408614e-02	276.34	2.293154e-01	2.545401e+01	-1.41	58
oligos_8nt_mkv2	0.8	12	19343	277	1.411969e-02	1.337735e-02	262.44	1.903999e-01	2.113439e+01	-1.32	59
oligos_8nt_mkv2	0.9	17	19360	260	1.325313e-02	1.267421e-02	248.64	2.424742e-01	2.691463e+01	-1.43	60
oligos_8nt_mkv2	1.0	11	19371	249	1.269243e-02	1.207384e-02	236.86	2.220938e-01	2.465241e+01	-1.39	61
oligos_8nt_mkv2	1.1	13	19384	236	1.202977e-02	1.155169e-02	226.62	2.741559e-01	3.043130e+01	-1.48	62
oligos_8nt_mkv2	1.2	6	19390	230	1.172393e-02	1.095830e-02	214.98	1.596123e-01	1.771697e+01	-1.25	63
oligos_8nt_mkv2	1.3	15	19405	215	1.095932e-02	1.042004e-02	204.42	2.374785e-01	2.636011e+01	-1.42	64
oligos_8nt_mkv2	1.4	12	19417	203	1.034764e-02	9.908231e-03	194.38	2.765649e-01	3.069870e+01	-1.49	65
oligos_8nt_mkv2	1.5	14	19431	189	9.634010e-03	9.265598e-03	181.77	3.048786e-01	3.384152e+01	-1.53	66
oligos_8nt_mkv2	1.6	11	19442	178	9.073300e-03	8.733530e-03	171.33	3.146068e-01	3.492136e+01	-1.54	67
oligos_8nt_mkv2	1.7	16	19458	162	8.257722e-03	8.109926e-03	159.10	4.193477e-01	4.654759e+01	-1.67	68
oligos_8nt_mkv2	1.8	9	19467	153	7.798960e-03	7.623973e-03	149.57	3.999800e-01	4.439778e+01	-1.65	69
oligos_8nt_mkv2	1.9	12	19479	141	7.187277e-03	7.086083e-03	139.01	4.442645e-01	4.931336e+01	-1.69	70
oligos_8nt_mkv2	2.0	9	19488	132	6.728515e-03	6.512896e-03	127.77	3.654129e-01	4.056084e+01	-1.61	71
oligos_8nt_mkv2	2.1	13	19501	119	6.065858e-03	6.005483e-03	117.82	4.687538e-01	5.203167e+01	-1.72	72
oligos_8nt_mkv2	2.2	14	19515	105	5.352228e-03	5.519099e-03	108.27	6.367567e-01	7.067999e+01	-1.85	73
oligos_8nt_mkv2	2.3	8	19523	97	4.944439e-03	5.059106e-03	99.25	6.030609e-01	6.693976e+01	-1.83	74
oligos_8nt_mkv2	2.4	9	19532	88	4.485676e-03	4.688857e-03	91.99	6.755465e-01	7.498566e+01	-1.87	75
oligos_8nt_mkv2	2.5	3	19535	85	4.332756e-03	4.308985e-03	84.53	4.942690e-01	5.486386e+01	-1.74	76
oligos_8nt_mkv2	2.6	3	19538	82	4.179835e-03	3.912626e-03	76.76	2.892253e-01	3.210401e+01	-1.51	77
oligos_8nt_mkv2	2.7	5	19543	77	3.924967e-03	3.596755e-03	70.56	2.363156e-01	2.623104e+01	-1.42	78
oligos_8nt_mkv2	2.8	5	19548	72	3.670099e-03	3.359492e-03	65.91	2.416714e-01	2.682552e+01	-1.43	79
oligos_8nt_mkv2	2.9	3	19551	69	3.517178e-03	3.110725e-03	61.03	1.684021e-01	1.869263e+01	-1.27	80
oligos_8nt_mkv2	3.0	5	19556	64	3.262310e-03	2.884232e-03	56.58	1.775468e-01	1.970770e+01	-1.29	81
oligos_8nt_mkv2	3.1	4	19560	60	3.058416e-03	2.677910e-03	52.54	1.673852e-01	1.857975e+01	-1.27	82
oligos_8nt_mkv2	3.2	2	19562	58	2.956469e-03	2.513861e-03	49.32	1.230955e-01	1.366360e+01	-1.14	83
oligos_8nt_mkv2	3.3	7	19569	51	2.599653e-03	2.367664e-03	46.45	2.706412e-01	3.004118e+01	-1.48	84
oligos_8nt_mkv2	3.4	6	19575	45	2.293812e-03	2.246659e-03	44.07	4.645255e-01	5.156233e+01	-1.71	85
oligos_8nt_mkv2	3.5	1	19576	44	2.242838e-03	2.122798e-03	41.65	3.777935e-01	4.193507e+01	-1.62	86
oligos_8nt_mkv2	3.6	1	19577	43	2.191865e-03	2.001390e-03	39.26	2.958238e-01	3.283644e+01	-1.52	87
oligos_8nt_mkv2	3.7	5	19582	38	1.936997e-03	1.898630e-03	37.25	4.726224e-01	5.246109e+01	-1.72	88
oligos_8nt_mkv2	3.9	2	19584	36	1.835049e-03	1.712701e-03	33.60	3.618209e-01	4.016212e+01	-1.60	89
oligos_8nt_mkv2	4.0	1	19585	35	1.784076e-03	1.605364e-03	31.49	2.887140e-01	3.204726e+01	-1.51	90
oligos_8nt_mkv2	4.1	2	19587	33	1.682129e-03	1.486157e-03	29.16	2.614384e-01	2.901966e+01	-1.46	91
oligos_8nt_mkv2	4.2	1	19588	32	1.631155e-03	1.389292e-03	27.26	2.046793e-01	2.271940e+01	-1.36	92
oligos_8nt_mkv2	4.3	2	19590	30	1.529208e-03	1.282086e-03	25.15	1.903471e-01	2.112853e+01	-1.32	93
oligos_8nt_mkv2	4.4	2	19592	28	1.427261e-03	1.185559e-03	23.26	1.870428e-01	2.076175e+01	-1.32	94
oligos_8nt_mkv2	4.5	3	19595	25	1.274340e-03	1.093315e-03	21.45	2.483299e-01	2.756461e+01	-1.44	95
oligos_8nt_mkv2	4.6	1	19596	24	1.223366e-03	9.796926e-04	19.22	1.634274e-01	1.814044e+01	-1.26	96
oligos_8nt_mkv2	4.7	6	19602	18	9.175247e-04	8.946817e-04	17.55	4.889812e-01	5.427691e+01	-1.73	97
oligos_8nt_mkv2	4.8	3	19605	15	7.646039e-04	8.046681e-04	15.79	6.123736e-01	6.797347e+01	-1.83	98
oligos_8nt_mkv2	4.9	2	19607	13	6.626567e-04	7.126349e-04	13.98	6.396866e-01	7.100521e+01	-1.85	99
oligos_8nt_mkv2	5.0	1	19608	12	6.116831e-04	6.480887e-04	12.71	6.172702e-01	6.851699e+01	-1.84	100
oligos_8nt_mkv2	5.1	1	19609	11	5.607096e-04	5.738142e-04	11.26	5.704607e-01	6.332114e+01	-1.80	101
oligos_8nt_mkv2	5.3	1	19610	10	5.097360e-04	4.579390e-04	8.98	4.104630e-01	4.556139e+01	-1.66	102
oligos_8nt_mkv2	5.5	1	19611	9	4.587624e-04	3.764378e-04	7.38	3.222837e-01	3.577349e+01	-1.55	103
oligos_8nt_mkv2	5.6	1	19612	8	4.077888e-04	3.381244e-04	6.63	3.468205e-01	3.849708e+01	-1.59	104
oligos_8nt_mkv2	5.9	1	19613	7	3.568152e-04	2.672257e-04	5.24	2.740397e-01	3.041841e+01	-1.48	105
oligos_8nt_mkv2	6.1	1	19614	6	3.058416e-04	2.381645e-04	4.67	3.267461e-01	3.626882e+01	-1.56	106
oligos_8nt_mkv2	6.4	2	19616	4	2.038944e-04	1.995463e-04	3.91	5.497082e-01	6.101761e+01	-1.79	107
oligos_8nt_mkv2	6.6	1	19617	3	1.529208e-04	1.769184e-04	3.47	6.737399e-01	7.478513e+01	-1.87	108
oligos_8nt_mkv2	12.4	1	19618	2	1.019472e-04	2.793982e-07	0.01	1.496643e-05	1.661273e-03	2.78	109
oligos_8nt_mkv2	12.6	1	19619	1	5.097360e-05	1.480903e-07	0.00	2.901020e-03	3.220132e-01	0.49	110
oligos_8nt_mkv2	13.1	1	19620	0	0.000000e+00	8.996359e-08	0.00	1.000000e+00	1.110000e+02	-2.05	111
; Number of sequences scanned	109
; Sum of sequence lengths	11009
; N residues           	0
; Matches per matrix
;	matrix	name           	matches	scored
;	1	oligos_8nt_mkv2	19618	19618
;		TOTAL          	19618	19618
; Host name	biow
; Job started	2014-09-06.012149
; Job done	2014-09-06.012150
; Seconds	0.8
;	user	0.8
;	system	0.03
;	cuser	0.23
;	csystem	0.02
