#key	theor	matrix_sites_cv_loo	matrix_sites	sequence_set1	sequence_set1_2perm
-35	1.0e+00	<NULL>	<NULL>	<NULL>	<NULL>
-34.9	1.0e+00	<NULL>	<NULL>	<NULL>	<NULL>
-34.8	1.0e+00	<NULL>	<NULL>	<NULL>	<NULL>
-34.7	1.0e+00	<NULL>	<NULL>	<NULL>	<NULL>
-34.6	1.0e+00	<NULL>	<NULL>	<NULL>	<NULL>
-34.5	1.0e+00	<NULL>	<NULL>	<NULL>	<NULL>
-34.4	1.0e+00	<NULL>	<NULL>	1	<NULL>
-34.3	1.0e+00	<NULL>	<NULL>	1	<NULL>
-34.2	1.0e+00	<NULL>	<NULL>	1	<NULL>
-34.1	1.0e+00	<NULL>	<NULL>	1	<NULL>
-34	1.0e+00	<NULL>	<NULL>	1	<NULL>
-33.9	1.0e+00	<NULL>	<NULL>	1	<NULL>
-33.8	1.0e+00	<NULL>	<NULL>	1	<NULL>
-33.7	1.0e+00	<NULL>	<NULL>	1	<NULL>
-33.6	1.0e+00	1.00000	1.00000	1	<NULL>
-33.5	1.0e+00	1.00000	1.00000	0.999999	<NULL>
-33.4	1.0e+00	1.00000	1.00000	0.999999	<NULL>
-33.3	1.0e+00	1.00000	1.00000	0.999999	<NULL>
-33.2	1.0e+00	1.00000	1.00000	0.999999	      1
-33.1	1.0e+00	1.00000	1.00000	0.999999	      1
-33	1.0e+00	1.00000	1.00000	0.999998	      1
-32.9	1.0e+00	1.00000	1.00000	0.999998	      1
-32.8	1.0e+00	1.00000	1.00000	0.999998	      1
-32.7	1.0e+00	1.00000	1.00000	0.999997	      1
-32.6	1.0e+00	1.00000	1.00000	0.999997	      1
-32.5	1.0e+00	1.00000	1.00000	0.999996	      1
-32.4	1.0e+00	1.00000	1.00000	0.999996	      1
-32.3	1.0e+00	1.00000	1.00000	0.999995	      1
-32.2	1.0e+00	1.00000	1.00000	0.999994	0.999999
-32.1	1.0e+00	1.00000	1.00000	0.999993	0.999999
-32	1.0e+00	1.00000	1.00000	0.999991	0.999999
-31.9	1.0e+00	1.00000	1.00000	0.99999	0.999999
-31.8	1.0e+00	1.00000	1.00000	0.999989	0.999999
-31.7	1.0e+00	1.00000	1.00000	0.999987	0.999998
-31.6	1.0e+00	1.00000	1.00000	0.999985	0.999998
-31.5	1.0e+00	1.00000	1.00000	0.999982	0.999997
-31.4	1.0e+00	1.00000	1.00000	0.999979	0.999997
-31.3	1.0e+00	1.00000	1.00000	0.999975	0.999996
-31.2	1.0e+00	1.00000	1.00000	0.999971	0.999996
-31.1	1.0e+00	1.00000	1.00000	0.999967	0.999995
-31	1.0e+00	1.00000	1.00000	0.999962	0.999994
-30.9	1.0e+00	1.00000	1.00000	0.999957	0.999992
-30.8	1.0e+00	1.00000	1.00000	0.999951	0.999991
-30.7	1.0e+00	1.00000	1.00000	0.999943	0.999989
-30.6	1.0e+00	1.00000	1.00000	0.999935	0.999987
-30.5	1.0e+00	1.00000	1.00000	0.999926	0.999985
-30.4	1.0e+00	1.00000	1.00000	0.999915	0.999982
-30.3	1.0e+00	1.00000	1.00000	0.999904	0.999979
-30.2	1.0e+00	1.00000	1.00000	0.999892	0.999975
-30.1	1.0e+00	1.00000	1.00000	0.999878	0.999972
-30	1.0e+00	1.00000	1.00000	0.999864	0.999968
-29.9	1.0e+00	1.00000	1.00000	0.999846	0.999962
-29.8	1.0e+00	1.00000	1.00000	0.999829	0.999956
-29.7	1.0e+00	1.00000	1.00000	0.999808	0.999949
-29.6	1.0e+00	1.00000	1.00000	0.999787	0.999942
-29.5	1.0e+00	1.00000	1.00000	0.999762	0.999933
-29.4	1.0e+00	1.00000	1.00000	0.999737	0.999923
-29.3	1.0e+00	1.00000	1.00000	0.999704	0.999913
-29.2	1.0e+00	1.00000	1.00000	0.999671	 0.9999
-29.1	1.0e+00	1.00000	1.00000	0.999636	0.999887
-29	1.0e+00	1.00000	1.00000	0.999598	0.999873
-28.9	1.0e+00	1.00000	1.00000	0.999554	0.999857
-28.8	1.0e+00	1.00000	1.00000	0.999507	0.999839
-28.7	1.0e+00	1.00000	1.00000	0.999456	0.999819
-28.6	1.0e+00	1.00000	1.00000	0.999403	0.999796
-28.5	1.0e+00	1.00000	1.00000	0.999345	0.999771
-28.4	1.0e+00	1.00000	1.00000	0.999278	0.999745
-28.3	1.0e+00	1.00000	1.00000	0.999207	0.999717
-28.2	1.0e+00	1.00000	1.00000	0.999129	0.999683
-28.1	1.0e+00	1.00000	1.00000	0.999049	0.999649
-28	1.0e+00	1.00000	1.00000	0.99896	0.999611
-27.9	1.0e+00	1.00000	1.00000	0.99887	0.999568
-27.8	1.0e+00	1.00000	1.00000	0.99877	0.999519
-27.7	1.0e+00	1.00000	1.00000	0.998662	0.999471
-27.6	1.0e+00	1.00000	1.00000	0.998547	0.999416
-27.5	1.0e+00	1.00000	1.00000	0.998424	0.999355
-27.4	1.0e+00	1.00000	1.00000	0.998292	0.999289
-27.3	1.0e+00	1.00000	1.00000	0.998149	0.999218
-27.2	1.0e+00	1.00000	1.00000	0.997996	0.99914
-27.1	1.0e+00	1.00000	1.00000	0.99784	0.999056
-27	1.0e+00	1.00000	1.00000	0.997669	0.998966
-26.9	1.0e+00	1.00000	1.00000	0.997486	0.99887
-26.8	1.0e+00	1.00000	1.00000	0.997289	0.998765
-26.7	1.0e+00	1.00000	1.00000	0.997079	0.998649
-26.6	1.0e+00	1.00000	1.00000	0.996865	0.998527
-26.5	1.0e+00	1.00000	1.00000	0.996637	0.998398
-26.4	1.0e+00	1.00000	1.00000	0.996386	0.998257
-26.3	1.0e+00	1.00000	1.00000	0.996125	0.998107
-26.2	1.0e+00	1.00000	1.00000	0.995844	0.997944
-26.1	1.0e+00	1.00000	1.00000	0.995548	0.997772
-26	1.0e+00	1.00000	1.00000	0.995234	0.997593
-25.9	1.0e+00	1.00000	1.00000	0.994914	0.997393
-25.8	1.0e+00	1.00000	1.00000	0.994569	0.997186
-25.7	9.9e-01	1.00000	1.00000	0.994201	0.996962
-25.6	9.9e-01	1.00000	1.00000	0.993812	0.996722
-25.5	9.9e-01	1.00000	1.00000	0.993406	0.996472
-25.4	9.9e-01	1.00000	1.00000	0.992984	0.996198
-25.3	9.9e-01	1.00000	1.00000	0.992534	0.995905
-25.2	9.9e-01	1.00000	1.00000	0.992059	0.995601
-25.1	9.9e-01	1.00000	1.00000	0.991548	0.995276
-25	9.9e-01	1.00000	1.00000	0.991011	0.994931
-24.9	9.9e-01	1.00000	1.00000	0.990468	0.994563
-24.8	9.9e-01	1.00000	1.00000	0.989873	0.994174
-24.7	9.9e-01	1.00000	1.00000	0.989245	0.993759
-24.6	9.9e-01	1.00000	1.00000	0.988602	0.993318
-24.5	9.9e-01	1.00000	1.00000	0.987941	0.99286
-24.4	9.9e-01	1.00000	1.00000	0.987237	0.992374
-24.3	9.9e-01	1.00000	1.00000	0.986496	0.991859
-24.2	9.9e-01	1.00000	1.00000	0.985724	0.991314
-24.1	9.9e-01	1.00000	1.00000	0.984922	0.990704
-24	9.9e-01	1.00000	1.00000	0.984097	0.990102
-23.9	9.8e-01	1.00000	1.00000	0.983222	0.98947
-23.8	9.8e-01	1.00000	1.00000	0.9823	0.988801
-23.7	9.8e-01	1.00000	1.00000	0.981359	0.988096
-23.6	9.8e-01	1.00000	1.00000	0.980383	0.987358
-23.5	9.8e-01	1.00000	1.00000	0.979333	0.986584
-23.4	9.8e-01	1.00000	1.00000	0.978265	0.98577
-23.3	9.8e-01	1.00000	1.00000	0.977158	0.984925
-23.2	9.8e-01	1.00000	1.00000	0.975995	0.984034
-23.1	9.8e-01	1.00000	1.00000	0.974788	0.983099
-23	9.8e-01	1.00000	1.00000	0.973516	0.982111
-22.9	9.7e-01	1.00000	1.00000	0.972236	0.981088
-22.8	9.7e-01	1.00000	1.00000	0.970903	0.980009
-22.7	9.7e-01	1.00000	1.00000	0.96952	0.97889
-22.6	9.7e-01	1.00000	1.00000	0.968059	0.97773
-22.5	9.7e-01	1.00000	1.00000	0.966564	0.97651
-22.4	9.7e-01	1.00000	1.00000	0.96501	0.975247
-22.3	9.7e-01	1.00000	1.00000	0.9634	0.973925
-22.2	9.7e-01	1.00000	1.00000	0.961735	0.972542
-22.1	9.6e-01	1.00000	1.00000	0.960006	0.971105
-22	9.6e-01	1.00000	1.00000	0.958229	0.969611
-21.9	9.6e-01	1.00000	1.00000	0.956385	0.968058
-21.8	9.6e-01	1.00000	1.00000	0.954486	0.966454
-21.7	9.6e-01	1.00000	1.00000	0.952523	0.964788
-21.6	9.5e-01	1.00000	1.00000	0.9505	0.963051
-21.5	9.5e-01	1.00000	1.00000	0.948425	0.961265
-21.4	9.5e-01	1.00000	1.00000	0.946292	0.959408
-21.3	9.5e-01	1.00000	1.00000	0.944088	0.957481
-21.2	9.5e-01	1.00000	1.00000	0.941811	0.955484
-21.1	9.4e-01	1.00000	1.00000	0.939462	0.953429
-21	9.4e-01	1.00000	1.00000	0.937039	0.95129
-20.9	9.4e-01	1.00000	1.00000	0.93454	0.94908
-20.8	9.4e-01	1.00000	1.00000	0.931981	0.946798
-20.7	9.3e-01	1.00000	1.00000	0.929386	0.944452
-20.6	9.3e-01	1.00000	1.00000	0.926672	0.942025
-20.5	9.3e-01	1.00000	1.00000	0.923888	0.939498
-20.4	9.3e-01	1.00000	1.00000	0.921043	0.936916
-20.3	9.2e-01	1.00000	1.00000	0.91811	0.934251
-20.2	9.2e-01	1.00000	1.00000	0.915127	0.931495
-20.1	9.2e-01	1.00000	1.00000	0.912053	0.928673
-20	9.2e-01	1.00000	1.00000	0.9089	0.925765
-19.9	9.1e-01	1.00000	1.00000	0.905663	0.922783
-19.8	9.1e-01	1.00000	1.00000	0.902368	0.919695
-19.7	9.1e-01	1.00000	1.00000	0.89898	0.916536
-19.6	9.0e-01	1.00000	1.00000	0.895502	0.913299
-19.5	9.0e-01	1.00000	1.00000	0.891954	0.909963
-19.4	9.0e-01	1.00000	1.00000	0.888319	0.906533
-19.3	8.9e-01	1.00000	1.00000	0.884625	0.903019
-19.2	8.9e-01	1.00000	1.00000	0.88085	0.899425
-19.1	8.9e-01	1.00000	1.00000	0.876956	0.895742
-19	8.8e-01	1.00000	1.00000	0.873072	0.891995
-18.9	8.8e-01	1.00000	1.00000	0.869045	0.888125
-18.8	8.7e-01	1.00000	1.00000	0.864943	0.884182
-18.7	8.7e-01	1.00000	1.00000	0.860772	0.88016
-18.6	8.7e-01	1.00000	1.00000	0.85653	0.876025
-18.5	8.6e-01	1.00000	1.00000	0.852197	0.871777
-18.4	8.6e-01	1.00000	1.00000	0.847796	0.867448
-18.3	8.5e-01	1.00000	1.00000	0.843285	0.863068
-18.2	8.5e-01	1.00000	1.00000	0.838712	0.858575
-18.1	8.5e-01	1.00000	1.00000	0.83407	0.853976
-18	8.4e-01	1.00000	1.00000	0.829336	0.849296
-17.9	8.4e-01	1.00000	1.00000	0.82451	0.844525
-17.8	8.3e-01	1.00000	1.00000	0.819602	0.839648
-17.7	8.3e-01	1.00000	1.00000	0.814621	0.83473
-17.6	8.2e-01	1.00000	1.00000	0.809587	0.829679
-17.5	8.2e-01	1.00000	1.00000	0.804452	0.824555
-17.4	8.1e-01	1.00000	1.00000	0.799248	0.819343
-17.3	8.1e-01	1.00000	1.00000	0.793967	0.814058
-17.2	8.0e-01	1.00000	1.00000	0.788555	0.808669
-17.1	8.0e-01	1.00000	1.00000	0.783141	0.803151
-17	7.9e-01	1.00000	1.00000	0.777644	0.797593
-16.9	7.9e-01	1.00000	1.00000	0.772059	0.791934
-16.8	7.8e-01	1.00000	1.00000	0.766423	0.786224
-16.7	7.8e-01	1.00000	1.00000	0.760715	0.780422
-16.6	7.7e-01	1.00000	1.00000	0.754949	0.774523
-16.5	7.7e-01	1.00000	1.00000	0.74905	0.768531
-16.4	7.6e-01	1.00000	1.00000	0.742227	0.76248
-16.3	7.5e-01	1.00000	1.00000	0.736257	0.755448
-16.2	7.5e-01	1.00000	1.00000	0.730198	0.749269
-16.1	7.4e-01	1.00000	1.00000	0.724109	0.74298
-16	7.4e-01	1.00000	1.00000	0.717974	0.736626
-15.9	7.3e-01	1.00000	1.00000	0.711797	0.730226
-15.8	7.3e-01	1.00000	1.00000	0.705516	0.72373
-15.7	7.2e-01	1.00000	1.00000	0.699172	0.717172
-15.6	7.1e-01	1.00000	1.00000	0.692844	0.710578
-15.5	7.1e-01	1.00000	1.00000	0.686378	0.703892
-15.4	7.0e-01	1.00000	1.00000	0.67988	0.697173
-15.3	6.9e-01	1.00000	1.00000	0.673376	0.69036
-15.2	6.9e-01	1.00000	1.00000	0.666766	0.683517
-15.1	6.8e-01	1.00000	1.00000	0.660168	0.676593
-15	6.7e-01	1.00000	1.00000	0.653518	0.669637
-14.9	6.7e-01	1.00000	1.00000	0.646803	0.662597
-14.8	6.6e-01	1.00000	1.00000	0.639995	0.655536
-14.7	6.6e-01	1.00000	1.00000	0.633214	0.648448
-14.6	6.5e-01	1.00000	1.00000	0.625495	0.641285
-14.5	6.4e-01	1.00000	1.00000	0.618667	0.633211
-14.4	6.4e-01	1.00000	1.00000	0.611771	0.62596
-14.3	6.3e-01	1.00000	1.00000	0.604847	0.618666
-14.2	6.2e-01	1.00000	1.00000	0.597918	0.611405
-14.1	6.2e-01	1.00000	1.00000	0.591043	0.604058
-14	6.1e-01	1.00000	1.00000	0.584057	0.596694
-13.9	6.0e-01	1.00000	1.00000	0.577003	0.589301
-13.8	6.0e-01	1.00000	1.00000	0.569968	0.581895
-13.7	5.9e-01	1.00000	1.00000	0.562927	0.574446
-13.6	5.8e-01	1.00000	1.00000	0.555891	0.567008
-13.5	5.7e-01	1.00000	1.00000	0.548815	0.559546
-13.4	5.7e-01	1.00000	1.00000	0.541796	0.552072
-13.3	5.6e-01	1.00000	1.00000	0.53473	0.544583
-13.2	5.5e-01	1.00000	1.00000	0.527718	0.53706
-13.1	5.5e-01	1.00000	1.00000	0.520653	0.529566
-13	5.4e-01	1.00000	1.00000	0.513561	0.522069
-12.9	5.3e-01	1.00000	1.00000	0.506508	0.514596
-12.8	5.3e-01	1.00000	1.00000	0.499399	0.507127
-12.7	5.2e-01	1.00000	1.00000	0.492328	0.499631
-12.6	5.1e-01	1.00000	1.00000	0.485315	0.492182
-12.5	5.0e-01	1.00000	1.00000	0.478321	0.484705
-12.4	5.0e-01	1.00000	1.00000	0.471287	0.477264
-12.3	4.9e-01	1.00000	1.00000	0.464299	0.469817
-12.2	4.8e-01	1.00000	1.00000	0.457292	0.462363
-12.1	4.8e-01	1.00000	1.00000	0.450292	0.45495
-12	4.7e-01	1.00000	1.00000	0.443376	0.447531
-11.9	4.6e-01	1.00000	1.00000	0.436455	0.440175
-11.8	4.6e-01	1.00000	1.00000	0.429615	0.432852
-11.7	4.5e-01	1.00000	1.00000	0.422707	0.425515
-11.6	4.4e-01	1.00000	1.00000	0.415847	0.418252
-11.5	4.3e-01	1.00000	1.00000	0.409034	0.411005
-11.4	4.3e-01	1.00000	1.00000	0.402142	0.403795
-11.3	4.2e-01	1.00000	1.00000	0.395379	0.396652
-11.2	4.2e-01	1.00000	1.00000	0.388717	0.389541
-11.1	4.1e-01	1.00000	1.00000	0.382037	0.382452
-11	4.0e-01	1.00000	1.00000	0.375421	0.375422
-10.9	3.9e-01	1.00000	1.00000	0.36882	0.368434
-10.8	3.9e-01	1.00000	1.00000	0.362271	0.361507
-10.7	3.8e-01	1.00000	1.00000	0.355734	0.354616
-10.6	3.7e-01	1.00000	1.00000	0.349266	0.347787
-10.5	3.7e-01	1.00000	1.00000	0.342903	0.340962
-10.4	3.6e-01	1.00000	1.00000	0.336597	0.334263
-10.3	3.6e-01	1.00000	1.00000	0.330264	0.327597
-10.2	3.5e-01	1.00000	1.00000	0.323975	0.321003
-10.1	3.4e-01	1.00000	1.00000	0.317804	0.314475
-10	3.4e-01	1.00000	1.00000	0.311643	0.308006
-9.9	3.3e-01	1.00000	1.00000	0.305529	0.301601
-9.8	3.2e-01	1.00000	1.00000	0.299515	0.295243
-9.7	3.2e-01	1.00000	1.00000	0.293582	0.28899
-9.6	3.1e-01	1.00000	1.00000	0.287683	0.282789
-9.5	3.0e-01	1.00000	1.00000	0.281821	0.27667
-9.4	3.0e-01	1.00000	1.00000	0.276012	0.270614
-9.3	2.9e-01	1.00000	1.00000	0.270187	0.264607
-9.2	2.9e-01	1.00000	1.00000	0.264561	0.258676
-9.1	2.8e-01	1.00000	1.00000	0.258947	0.252787
-9	2.8e-01	1.00000	1.00000	0.253419	0.246974
-8.9	2.7e-01	1.00000	1.00000	0.247914	0.241234
-8.8	2.6e-01	1.00000	1.00000	0.242506	0.235597
-8.7	2.6e-01	1.00000	1.00000	0.237135	0.230025
-8.6	2.5e-01	1.00000	1.00000	0.23189	0.224474
-8.5	2.5e-01	1.00000	1.00000	0.22668	0.219044
-8.4	2.4e-01	1.00000	1.00000	0.221535	0.213714
-8.3	2.4e-01	1.00000	1.00000	0.216465	0.208443
-8.2	2.3e-01	1.00000	1.00000	0.211442	0.203273
-8.1	2.3e-01	1.00000	1.00000	0.206448	0.198174
-8	2.2e-01	1.00000	1.00000	0.201607	0.193159
-7.9	2.2e-01	1.00000	1.00000	0.196827	0.188198
-7.8	2.1e-01	1.00000	1.00000	0.192102	0.183332
-7.7	2.1e-01	1.00000	1.00000	0.187461	0.178556
-7.6	2.0e-01	1.00000	1.00000	0.18286	0.173865
-7.5	2.0e-01	1.00000	1.00000	0.178379	0.169223
-7.4	1.9e-01	1.00000	1.00000	0.17396	0.164704
-7.3	1.9e-01	1.00000	1.00000	0.169587	0.16023
-7.2	1.8e-01	1.00000	1.00000	0.165315	0.155855
-7.1	1.8e-01	1.00000	1.00000	0.161078	0.151556
-7	1.7e-01	1.00000	1.00000	0.156938	0.147359
-6.9	1.7e-01	1.00000	1.00000	0.152841	0.14324
-6.8	1.6e-01	1.00000	1.00000	0.148844	0.139197
-6.7	1.6e-01	1.00000	1.00000	0.144884	0.135165
-6.6	1.6e-01	1.00000	1.00000	0.140986	0.131272
-6.5	1.5e-01	1.00000	1.00000	0.137201	0.127461
-6.4	1.5e-01	1.00000	1.00000	0.133481	0.123729
-6.3	1.4e-01	1.00000	1.00000	0.129787	0.120075
-6.2	1.4e-01	1.00000	1.00000	0.126219	0.116513
-6.1	1.4e-01	1.00000	1.00000	0.122738	0.11301
-6	1.3e-01	1.00000	1.00000	0.119291	0.109588
-5.9	1.3e-01	1.00000	1.00000	0.115935	0.106236
-5.8	1.2e-01	1.00000	1.00000	0.112641	0.102947
-5.7	1.2e-01	1.00000	1.00000	0.109392	0.0997381
-5.6	1.2e-01	1.00000	1.00000	0.106234	0.0966235
-5.5	1.1e-01	1.00000	1.00000	0.103137	0.0935757
-5.4	1.1e-01	1.00000	1.00000	0.100088	0.0905894
-5.3	1.1e-01	1.00000	1.00000	0.0971282	0.0876705
-5.2	1.0e-01	1.00000	1.00000	0.0942316	0.0848306
-5.1	1.0e-01	1.00000	1.00000	0.0913913	0.0820625
-5	9.8e-02	1.00000	1.00000	0.0886039	0.0793523
-4.9	9.5e-02	1.00000	1.00000	0.0858664	0.0767304
-4.8	9.2e-02	1.00000	1.00000	0.0832402	0.0741581
-4.7	8.9e-02	1.00000	1.00000	0.0806489	0.0716579
-4.6	8.7e-02	1.00000	1.00000	0.0781271	0.0692258
-4.5	8.4e-02	1.00000	1.00000	0.0756748	0.0668442
-4.4	8.1e-02	1.00000	1.00000	0.0732527	0.0645526
-4.3	7.9e-02	1.00000	1.00000	0.0708944	0.0623092
-4.2	7.6e-02	1.00000	1.00000	0.0685763	0.0601206
-4.1	7.3e-02	1.00000	1.00000	0.0663297	0.0579717
-4	7.1e-02	1.00000	1.00000	0.0641323	0.0559096
-3.9	6.9e-02	1.00000	1.00000	0.0620204	0.0539004
-3.8	6.6e-02	1.00000	1.00000	0.0599542	0.051951
-3.7	6.4e-02	1.00000	1.00000	0.0579385	0.050046
-3.6	6.2e-02	1.00000	1.00000	0.055983	0.0482094
-3.5	6.0e-02	1.00000	1.00000	0.0540678	0.0464159
-3.4	5.8e-02	1.00000	1.00000	0.0522279	0.0446804
-3.3	5.6e-02	1.00000	1.00000	0.0504362	0.0430046
-3.2	5.4e-02	1.00000	1.00000	0.04869	0.0413705
-3.1	5.2e-02	1.00000	1.00000	0.0469771	0.0397873
-3	5.0e-02	1.00000	1.00000	0.0453336	0.0382494
-2.9	4.8e-02	1.00000	1.00000	0.0437087	0.0367511
-2.8	4.6e-02	1.00000	1.00000	0.0421546	0.0353089
-2.7	4.5e-02	1.00000	1.00000	0.0406387	0.0339119
-2.6	4.3e-02	1.00000	1.00000	0.0391629	0.0325495
-2.5	4.1e-02	1.00000	1.00000	0.0377347	0.0312569
-2.4	4.0e-02	1.00000	1.00000	0.0363227	0.0299973
-2.3	3.8e-02	1.00000	1.00000	0.0349691	0.0287738
-2.2	3.7e-02	1.00000	1.00000	0.033652	0.0275992
-2.1	3.5e-02	1.00000	1.00000	0.0323765	0.0264628
-2	3.4e-02	1.00000	1.00000	0.0311519	0.0253661
-1.9	3.3e-02	1.00000	1.00000	0.0299602	 0.0243
-1.8	3.1e-02	1.00000	1.00000	0.0288092	0.0232468
-1.7	3.0e-02	1.00000	1.00000	0.0276707	0.0222589
-1.6	2.9e-02	1.00000	1.00000	0.0265854	0.0213112
-1.5	2.8e-02	1.00000	1.00000	0.0255293	0.0203864
-1.4	2.7e-02	1.00000	1.00000	0.0245097	0.019502
-1.3	2.5e-02	1.00000	1.00000	0.0235239	0.0186493
-1.2	2.4e-02	1.00000	1.00000	0.0225816	0.0178173
-1.1	2.3e-02	1.00000	1.00000	0.0216546	0.016985
-1	2.2e-02	1.00000	1.00000	0.0207673	0.0162184
-0.9	2.1e-02	1.00000	1.00000	0.0199097	0.01549
-0.8	2.1e-02	1.00000	1.00000	0.0190856	0.0147881
-0.7	2.0e-02	1.00000	1.00000	0.0182908	0.0141057
-0.6	1.9e-02	1.00000	1.00000	0.0175241	0.0134442
-0.5	1.8e-02	1.00000	1.00000	0.0167873	0.0128193
-0.4	1.7e-02	1.00000	1.00000	0.0160811	0.0122102
-0.3	1.6e-02	1.00000	1.00000	0.0153973	0.011626
-0.2	1.6e-02	1.00000	1.00000	0.0147327	0.0110701
-0.1	1.5e-02	1.00000	1.00000	0.0140995	0.0105388
0	1.4e-02	1.00000	1.00000	0.0134996	0.0100251
0.1	1.4e-02	1.00000	1.00000	0.0129042	0.00953201
0.2	1.3e-02	1.00000	1.00000	0.0123396	0.00905949
0.3	1.2e-02	1.00000	1.00000	0.0117944	0.00860293
0.4	1.2e-02	1.00000	1.00000	0.011262	0.00817551
0.5	1.1e-02	1.00000	1.00000	0.0107658	0.0077665
0.6	1.1e-02	1.00000	1.00000	0.0102791	0.00737748
0.7	1.0e-02	1.00000	1.00000	0.00981253	0.00699687
0.8	9.6e-03	1.00000	1.00000	0.00936035	0.00663131
0.9	9.1e-03	1.00000	1.00000	0.00892956	0.0062789
1	8.6e-03	1.00000	1.00000	0.00852681	0.00594707
1.1	8.2e-03	1.00000	1.00000	0.00812896	0.00563575
1.2	7.7e-03	1.00000	1.00000	0.00774761	0.00533323
1.3	7.3e-03	1.00000	1.00000	0.00738106	0.00504528
1.4	7.0e-03	1.00000	1.00000	0.00703245	0.00477521
1.5	6.6e-03	0.99715	1.00000	0.00669639	0.00451647
1.6	6.3e-03	0.99715	1.00000	0.006375	0.00426932
1.7	5.9e-03	0.99715	1.00000	0.00607385	0.00403638
1.8	5.6e-03	0.99430	1.00000	0.00578505	0.00381238
1.9	5.3e-03	0.99430	0.99718	0.00550847	0.00359895
2	5.0e-03	0.99430	0.99718	0.00523872	0.00339474
2.1	4.7e-03	0.99430	0.99718	0.00498532	0.0032031
2.2	4.5e-03	0.99430	0.99718	0.00474768	0.00301983
2.3	4.2e-03	0.98575	0.99718	0.00451193	0.00284701
2.4	4.0e-03	0.98575	0.99437	0.00428959	0.00267971
2.5	3.8e-03	0.98575	0.98873	0.00408254	0.00251882
2.6	3.5e-03	0.98575	0.98873	0.00387895	0.00237016
2.7	3.3e-03	0.98575	0.98873	0.00368411	0.00222949
2.8	3.2e-03	0.98291	0.98873	0.00349995	0.00209387
2.9	3.0e-03	0.98291	0.98873	0.00331901	0.00196707
3	2.8e-03	0.98291	0.98592	0.00314922	0.00184376
3.1	2.6e-03	0.97721	0.98592	0.00298256	0.00172668
3.2	2.5e-03	0.97436	0.98592	0.0028273	0.00161856
3.3	2.3e-03	0.97151	0.98028	0.0026806	0.00151869
3.4	2.2e-03	0.97151	0.97465	0.00253865	0.00142053
3.5	2.0e-03	0.97151	0.97465	0.00240748	0.00133037
3.6	1.9e-03	0.97151	0.97465	0.00228029	0.00124516
3.7	1.8e-03	0.96866	0.97465	0.00215888	0.00116782
3.8	1.7e-03	0.96866	0.97183	0.00204228	0.00109192
3.9	1.6e-03	0.96296	0.97183	0.00193842	0.00101965
4	1.5e-03	0.95157	0.96620	0.00183465	0.000952619
4.1	1.4e-03	0.94872	0.95775	0.00173742	0.000888547
4.2	1.3e-03	0.94302	0.95775	0.00164804	0.000827793
4.3	1.2e-03	0.93447	0.94648	0.00156302	0.000770236
4.4	1.1e-03	0.93162	0.94085	0.00148349	0.000718978
4.5	1.0e-03	0.91738	0.93803	0.00140281	0.000669884
4.6	9.6e-04	0.90313	0.92394	0.00132736	0.000624685
4.7	9.0e-04	0.89459	0.91549	0.00125928	0.000580304
4.8	8.4e-04	0.87749	0.90704	0.00119104	0.000536018
4.9	7.7e-04	0.87464	0.89296	0.00113036	0.000497142
5	7.2e-04	0.86610	0.88451	0.00106833	0.000462906
5.1	6.7e-04	0.85185	0.87042	0.00101044	0.000429343
5.2	6.2e-04	0.82906	0.85634	0.000953557	0.000398858
5.3	5.7e-04	0.82051	0.83662	0.000902443	0.00036907
5.4	5.3e-04	0.80912	0.82817	0.000853638	0.000342263
5.5	4.9e-04	0.79487	0.81127	0.000806804	0.000317524
5.6	4.5e-04	0.79202	0.80000	0.000764875	0.000293145
5.7	4.2e-04	0.77493	0.78592	0.000723234	0.000270666
5.8	3.9e-04	0.76353	0.77746	0.00068544	0.000250494
5.9	3.6e-04	0.73789	0.76056	0.000648751	0.00023078
6	3.3e-04	0.71510	0.74366	0.000611967	0.000213253
6.1	3.0e-04	0.69516	0.71549	0.000575856	0.000197265
6.2	2.8e-04	0.68376	0.69859	0.000544553	0.00018147
6.3	2.5e-04	0.66382	0.68169	0.000514068	0.000166179
6.4	2.3e-04	0.65527	0.67042	0.000486035	0.00015286
6.5	2.2e-04	0.62678	0.65352	0.000457905	0.000142065
6.6	2.0e-04	0.60684	0.61972	0.000430497	0.000130308
6.7	1.8e-04	0.58689	0.60282	0.000405157	0.000119778
6.8	1.7e-04	0.58689	0.59155	0.000378855	0.000108959
6.9	1.5e-04	0.56980	0.58592	0.000356448	9.8837e-05
7	1.4e-04	0.56125	0.57183	0.000334858	9.0831e-05
7.1	1.3e-04	0.53276	0.55775	0.000312066	8.38347e-05
7.2	1.2e-04	0.52991	0.54085	0.000292688	7.51796e-05
7.3	1.0e-04	0.51567	0.52958	0.000273455	6.82795e-05
7.4	9.4e-05	0.50427	0.51549	0.000255183	6.2269e-05
7.5	8.7e-05	0.49003	0.50986	0.000239074	5.70038e-05
7.6	7.8e-05	0.47578	0.48732	0.000221908	5.03922e-05
7.7	7.1e-05	0.45869	0.47606	0.000205944	4.57521e-05
7.8	6.4e-05	0.44444	0.46479	0.00019099	4.15207e-05
7.9	5.7e-05	0.43305	0.45352	0.000176517	3.7169e-05
8	5.2e-05	0.39886	0.42535	0.000163775	3.37791e-05
8.1	4.7e-05	0.38746	0.40000	0.00015084	3.08219e-05
8.2	4.2e-05	0.38177	0.38592	0.000140502	2.78167e-05
8.3	3.7e-05	0.36752	0.37746	0.00012901	2.52923e-05
8.4	3.3e-05	0.35328	0.36901	0.000119681	2.26476e-05
8.5	3.0e-05	0.33618	0.34930	0.000110257	1.99309e-05
8.6	2.7e-05	0.30484	0.31831	0.000101025	1.83441e-05
8.7	2.4e-05	0.29060	0.29859	9.23697E-05	1.62284e-05
8.8	2.1e-05	0.27066	0.28732	8.44358E-05	1.45935e-05
8.9	1.8e-05	0.25356	0.26479	7.81367E-05	1.23336e-05
9	1.6e-05	0.23362	0.25634	7.12126E-05	1.0867e-05
9.1	1.5e-05	0.21937	0.22535	6.47693E-05	9.44854e-06
9.2	1.3e-05	0.19658	0.20282	5.84222E-05	8.46281e-06
9.3	1.1e-05	0.16524	0.17465	5.3133E-05	7.69346e-06
9.4	9.9e-06	0.15100	0.16620	4.82284E-05	6.80391e-06
9.5	8.7e-06	0.13675	0.14366	4.26987E-05	6.0586e-06
9.6	7.8e-06	0.11966	0.12676	3.88039E-05	5.64989e-06
9.7	6.8e-06	0.10826	0.11549	3.4861E-05	4.97671e-06
9.8	5.9e-06	0.09687	0.10704	3.10624E-05	4.30353e-06
9.9	5.1e-06	0.09687	0.09859	2.77926E-05	3.70248e-06
10	4.4e-06	0.09687	0.09859	2.4571E-05	3.26972e-06
10.1	3.9e-06	0.08262	0.08451	2.10128E-05	2.78888e-06
10.2	3.3e-06	0.07407	0.07606	1.81758E-05	2.59654e-06
10.3	2.8e-06	0.06553	0.07324	1.52427E-05	2.33208e-06
10.4	2.3e-06	0.05983	0.06479	1.38002E-05	2.13974e-06
10.5	2.0e-06	0.05413	0.06197	1.16844E-05	1.77911e-06
10.6	1.7e-06	0.05128	0.05634	9.37641E-06	1.70699e-06
10.7	1.4e-06	0.04558	0.04789	8.03005E-06	1.3704e-06
10.8	1.2e-06	0.03989	0.04507	6.6837E-06	1.2021e-06
10.9	8.6e-07	0.03419	0.03662	5.7701E-06	1.12998e-06
11	7.3e-07	0.03134	0.03380	4.61608E-06	9.37641e-07
11.1	6.0e-07	0.02564	0.02817	3.60631E-06	7.93388e-07
11.2	4.6e-07	0.02564	0.02535	2.54846E-06	7.69346e-07
11.3	4.0e-07	0.01994	0.01972	1.8272E-06	6.01052e-07
11.4	2.5e-07	0.01994	0.01972	1.39444E-06	5.7701e-07
11.5	2.0e-07	0.01709	0.01690	1.10594E-06	4.80841e-07
11.6	1.6e-07	0.01425	0.01408	9.61683E-07	4.56799e-07
11.7	1.1e-07	0.01140	0.01127	5.7701E-07	4.08715e-07
11.8	9.4e-08	0.00285	0.00282	5.28926E-07	3.36589e-07
11.9	5.6e-08	0.00285	0.00282	3.36589E-07	3.12547e-07
12	3.9e-08	0.00285	0.00282	2.40421E-07	2.40421e-07
12.1	2.7e-08	0.00285	0.00282	2.40421E-07	2.16379e-07
12.2	1.9e-08	0.00285	0.00282	4.80841E-08	1.44252e-07
12.3	7.7e-09	<NULL>	<NULL>	4.80841E-08	1.44252e-07
12.4	3.5e-09	<NULL>	<NULL>	4.80841E-08	1.2021e-07
12.5	3.5e-09	<NULL>	<NULL>	4.80841E-08	9.61683e-08
12.6	3.5e-09	<NULL>	<NULL>	4.80841E-08	9.61683e-08
12.7	2.6e-09	<NULL>	<NULL>	0	4.80841e-08
12.8	6.0e-10	<NULL>	<NULL>	<NULL>	2.40421e-08
12.9	6.0e-10	<NULL>	<NULL>	<NULL>	2.40421e-08
