#weight	occ	cum	dcum	dCDF
-49.3	3	3	41593748	      1
-49.2	1	4	41593745	      1
-49.1	7	11	41593744	      1
-49	8	19	41593737	      1
-48.9	10	29	41593729	      1
-48.8	24	53	41593719	0.999999
-48.7	37	90	41593695	0.999999
-48.6	85	175	41593658	0.999998
-48.5	60	235	41593573	0.999996
-48.4	105	340	41593513	0.999994
-48.3	261	601	41593408	0.999992
-48.2	249	850	41593147	0.999986
-48.1	543	1393	41592898	0.99998
-48	534	1927	41592355	0.999967
-47.9	538	2465	41591821	0.999954
-47.8	879	3344	41591283	0.999941
-47.7	917	4261	41590404	0.99992
-47.6	1363	5624	41589487	0.999898
-47.5	1126	6750	41588124	0.999865
-47.4	1398	8148	41586998	0.999838
-47.3	1584	9732	41585600	0.999804
-47.2	1768	11500	41584016	0.999766
-47.1	2093	13593	41582248	0.999724
-47	2268	15861	41580155	0.999673
-46.9	2699	18560	41577887	0.999619
-46.8	2809	21369	41575188	0.999554
-46.7	3363	24732	41572379	0.999486
-46.6	3681	28413	41569016	0.999405
-46.5	3781	32194	41565335	0.999317
-46.4	4251	36445	41561554	0.999226
-46.3	4594	41039	41557303	0.999124
-46.2	5007	46046	41552709	0.999013
-46.1	5402	51448	41547702	0.998893
-46	5626	57074	41542300	0.998763
-45.9	6577	63651	41536674	0.998628
-45.8	6850	70501	41530097	0.99847
-45.7	7288	77789	41523247	0.998305
-45.6	7912	85701	41515959	0.99813
-45.5	8171	93872	41508047	0.99794
-45.4	8816	102688	41499876	0.997743
-45.3	9486	112174	41491060	0.997531
-45.2	9904	122078	41481574	0.997303
-45.1	10449	132527	41471670	0.997065
-45	10828	143355	41461221	0.996814
-44.9	11762	155117	41450393	0.996553
-44.8	12373	167490	41438631	0.996271
-44.7	12613	180103	41426258	0.995973
-44.6	13106	193209	41413645	0.99567
-44.5	14094	207303	41400539	0.995355
-44.4	14457	221760	41386445	0.995016
-44.3	15265	237025	41371988	0.994668
-44.2	15415	252440	41356723	0.994301
-44.1	16154	268594	41341308	0.993931
-44	16622	285216	41325154	0.993542
-43.9	17215	302431	41308532	0.993143
-43.8	17869	320300	41291317	0.992729
-43.7	18421	338721	41273448	0.992299
-43.6	18967	357688	41255027	0.991856
-43.5	19510	377198	41236060	 0.9914
-43.4	20099	397297	41216550	0.990931
-43.3	20886	418183	41196451	0.990448
-43.2	21261	439444	41175565	0.989946
-43.1	21899	461343	41154304	0.989435
-43	22272	483615	41132405	0.988908
-42.9	22024	505639	41110133	0.988373
-42.8	23103	528742	41088109	0.987843
-42.7	23333	552075	41065006	0.987288
-42.6	23494	575569	41041673	0.986727
-42.5	24037	599606	41018179	0.986162
-42.4	24604	624210	40994142	0.985584
-42.3	24709	648919	40969538	0.984993
-42.2	24875	673794	40944829	0.984399
-42.1	25079	698873	40919954	0.983801
-42	25241	724114	40894875	0.983198
-41.9	25262	749376	40869634	0.982591
-41.8	25566	774942	40844372	0.981983
-41.7	25496	800438	40818806	0.981369
-41.6	25575	826013	40793310	0.980756
-41.5	25632	851645	40767735	0.980141
-41.4	25900	877545	40742103	0.979525
-41.3	26164	903709	40716203	0.978902
-41.2	25947	929656	40690039	0.978273
-41.1	26058	955714	40664092	0.977649
-41	26651	982365	40638034	0.977023
-40.9	26843	1009208	40611383	0.976382
-40.8	27230	1036438	40584540	0.975737
-40.7	28541	1064979	40557310	0.975082
-40.6	28519	1093498	40528769	0.974396
-40.5	28780	1122278	40500250	0.97371
-40.4	29066	1151344	40471470	0.973018
-40.3	29785	1181129	40442404	0.972319
-40.2	31338	1212467	40412619	0.971603
-40.1	31892	1244359	40381281	0.97085
-40	32874	1277233	40349389	0.970083
-39.9	34293	1311526	40316515	0.969293
-39.8	35393	1346919	40282222	0.968468
-39.7	37205	1384124	40246829	0.967617
-39.6	37663	1421787	40209624	0.966723
-39.5	39586	1461373	40171961	0.965817
-39.4	41392	1502765	40132375	0.964866
-39.3	42606	1545371	40090983	0.96387
-39.2	44163	1589534	40048377	0.962846
-39.1	46362	1635896	40004214	0.961784
-39	47920	1683816	39957852	0.96067
-38.9	50455	1734271	39909932	0.959518
-38.8	52563	1786834	39859477	0.958305
-38.7	53459	1840293	39806914	0.957041
-38.6	56716	1897009	39753455	0.955756
-38.5	57948	1954957	39696739	0.954392
-38.4	59790	2014747	39638791	0.952999
-38.3	62081	2076828	39579001	0.951561
-38.2	64269	2141097	39516920	0.950069
-38.1	66117	2207214	39452651	0.948524
-38	68125	2275339	39386534	0.946934
-37.9	71004	2346343	39318409	0.945296
-37.8	72273	2418616	39247405	0.943589
-37.7	73695	2492311	39175132	0.941851
-37.6	75843	2568154	39101437	0.94008
-37.5	78227	2646381	39025594	0.938256
-37.4	80219	2726600	38947367	0.936376
-37.3	81881	2808481	38867148	0.934447
-37.2	84054	2892535	38785267	0.932478
-37.1	86338	2978873	38701213	0.930457
-37	88125	3066998	38614875	0.928382
-36.9	89537	3156535	38526750	0.926263
-36.8	92212	3248747	38437213	0.92411
-36.7	93711	3342458	38345001	0.921893
-36.6	96083	3438541	38251290	0.91964
-36.5	97429	3535970	38155207	0.91733
-36.4	98673	3634643	38057778	0.914988
-36.3	100404	3735047	37959105	0.912616
-36.2	102260	3837307	37858701	0.910202
-36.1	104083	3941390	37756441	0.907743
-36	105281	4046671	37652358	0.905241
-35.9	106222	4152893	37547077	0.90271
-35.8	107881	4260774	37440855	0.900156
-35.7	108691	4369465	37332974	0.897562
-35.6	109120	4478585	37224283	0.894949
-35.5	109767	4588352	37115163	0.892326
-35.4	109636	4697988	37005396	0.889686
-35.3	109770	4807758	36895760	0.887051
-35.2	109783	4917541	36785990	0.884412
-35.1	109591	5027132	36676207	0.881772
-35	110229	5137361	36566616	0.879137
-34.9	108587	5245948	36456387	0.876487
-34.8	108271	5354219	36347800	0.873877
-34.7	108408	5462627	36239529	0.871273
-34.6	107549	5570176	36131121	0.868667
-34.5	106543	5676719	36023572	0.866081
-34.4	104889	5781608	35917029	0.86352
-34.3	104074	5885682	35812140	0.860998
-34.2	103442	5989124	35708066	0.858496
-34.1	102930	6092054	35604624	0.856009
-34	102162	6194216	35501694	0.853534
-33.9	101766	6295982	35399532	0.851078
-33.8	101143	6397125	35297766	0.848632
-33.7	100963	6498088	35196623	 0.8462
-33.6	100090	6598178	35095660	0.843772
-33.5	137515	6735693	34995570	0.841366
-33.4	99763	6835456	34858055	0.83806
-33.3	102222	6937678	34758292	0.835661
-33.2	102076	7039754	34656070	0.833204
-33.1	103258	7143012	34553994	0.83075
-33	104320	7247332	34450736	0.828267
-32.9	105478	7352810	34346416	0.825759
-32.8	107871	7460681	34240938	0.823223
-32.7	110622	7571303	34133067	0.82063
-32.6	112044	7683347	34022445	0.81797
-32.5	114040	7797387	33910401	0.815276
-32.4	115819	7913206	33796361	0.812535
-32.3	119049	8032255	33680542	0.80975
-32.2	122159	8154414	33561493	0.806888
-32.1	124313	8278727	33439334	0.803951
-32	127978	8406705	33315021	0.800962
-31.9	130905	8537610	33187043	0.797885
-31.8	133554	8671164	33056138	0.794738
-31.7	137620	8808784	32922584	0.791527
-31.6	139961	8948745	32784964	0.788219
-31.5	143443	9092188	32645003	0.784854
-31.4	147138	9239326	32501560	0.781405
-31.3	149169	9388495	32354422	0.777867
-31.2	152089	9540584	32205253	0.774281
-31.1	154731	9695315	32053164	0.770625
-31	157809	9853124	31898433	0.766905
-30.9	161037	10014161	31740624	0.76311
-30.8	163501	10177662	31579587	0.759239
-30.7	167911	10345573	31416086	0.755308
-30.6	168142	10513715	31248175	0.751271
-30.5	172133	10685848	31080033	0.747228
-30.4	173405	10859253	30907900	0.74309
-30.3	177437	11036690	30734495	0.738921
-30.2	178327	11215017	30557058	0.734655
-30.1	180974	11395991	30378731	0.730368
-30	182782	11578773	30197757	0.726017
-29.9	185571	11764344	30014975	0.721622
-29.8	188001	11952345	29829404	0.717161
-29.7	189326	12141671	29641403	0.712641
-29.6	191247	12332918	29452077	0.708089
-29.5	194467	12527385	29260830	0.703491
-29.4	195481	12722866	29066363	0.698816
-29.3	198106	12920972	28870882	0.694116
-29.2	200070	13121042	28672776	0.689353
-29.1	200813	13321855	28472706	0.684543
-29	201417	13523272	28271893	0.679715
-28.9	203334	13726606	28070476	0.674872
-28.8	203541	13930147	27867142	0.669984
-28.7	206166	14136313	27663601	0.66509
-28.6	204817	14341130	27457435	0.660134
-28.5	204975	14546105	27252618	0.655209
-28.4	204194	14750299	27047643	0.650281
-28.3	203880	14954179	26843449	0.645372
-28.2	201864	15156043	26639569	0.640471
-28.1	200985	15357028	26437705	0.635617
-28	198397	15555425	26236720	0.630785
-27.9	196581	15752006	26038323	0.626015
-27.8	195174	15947180	25841742	0.621289
-27.7	192620	16139800	25646568	0.616597
-27.6	189654	16329454	25453948	0.611966
-27.5	187303	16516757	25264294	0.607406
-27.4	183299	16700056	25076991	0.602903
-27.3	180576	16880632	24893692	0.598496
-27.2	177802	17058434	24713116	0.594155
-27.1	173426	17231860	24535314	0.58988
-27	170982	17402842	24361888	0.58571
-26.9	167890	17570732	24190906	 0.5816
-26.8	164191	17734923	24023016	0.577563
-26.7	161349	17896272	23858825	0.573616
-26.6	158408	18054680	23697476	0.569736
-26.5	157268	18211948	23539068	0.565928
-26.4	158068	18370016	23381800	0.562147
-26.3	153341	18523357	23223732	0.558347
-26.2	152013	18675370	23070391	0.55466
-26.1	151533	18826903	22918378	0.551005
-26	150904	18977807	22766845	0.547362
-25.9	149991	19127798	22615941	0.543734
-25.8	149730	19277528	22465950	0.540128
-25.7	151147	19428675	22316220	0.536528
-25.6	153148	19581823	22165073	0.532894
-25.5	154231	19736054	22011925	0.529212
-25.4	155280	19891334	21857694	0.525504
-25.3	155892	20047226	21702414	0.521771
-25.2	158789	20206015	21546522	0.518023
-25.1	160627	20366642	21387733	0.514205
-25	162972	20529614	21227106	0.510344
-24.9	165830	20695444	21064134	0.506425
-24.8	167681	20863125	20898304	0.502439
-24.7	171504	21034629	20730623	0.498407
-24.6	172570	21207199	20559119	0.494284
-24.5	176735	21383934	20386549	0.490135
-24.4	177897	21561831	20209814	0.485886
-24.3	178791	21740622	20031917	0.481609
-24.2	182748	21923370	19853126	0.47731
-24.1	183115	22106485	19670378	0.472917
-24	185757	22292242	19487263	0.468514
-23.9	187298	22479540	19301506	0.464048
-23.8	189166	22668706	19114208	0.459545
-23.7	190565	22859271	18925042	0.454997
-23.6	192000	23051271	18734477	0.450416
-23.5	192661	23243932	18542477	 0.4458
-23.4	194257	23438189	18349816	0.441168
-23.3	195636	23633825	18155559	0.436497
-23.2	195583	23829408	17959923	0.431794
-23.1	198521	24027929	17764340	0.427092
-23	197110	24225039	17565819	0.422319
-22.9	198570	24423609	17368709	0.41758
-22.8	199245	24622854	17170139	0.412806
-22.7	199758	24822612	16970894	0.408016
-22.6	200882	25023494	16771136	0.403213
-22.5	201351	25224845	16570254	0.398383
-22.4	201947	25426792	16368903	0.393542
-22.3	202397	25629189	16166956	0.388687
-22.2	203346	25832535	15964559	0.383821
-22.1	203955	26036490	15761213	0.378932
-22	204673	26241163	15557258	0.374029
-21.9	204599	26445762	15352585	0.369108
-21.8	204488	26650250	15147986	0.364189
-21.7	203722	26853972	14943498	0.359273
-21.6	203106	27057078	14739776	0.354375
-21.5	203256	27260334	14536670	0.349492
-21.4	200653	27460987	14333414	0.344605
-21.3	200411	27661398	14132761	0.339781
-21.2	197676	27859074	13932350	0.334963
-21.1	195262	28054336	13734674	0.33021
-21	193128	28247464	13539412	0.325516
-20.9	189505	28436969	13346284	0.320872
-20.8	186558	28623527	13156779	0.316316
-20.7	184198	28807725	12970221	0.311831
-20.6	179380	28987105	12786023	0.307403
-20.5	175650	29162755	12606643	0.30309
-20.4	172114	29334869	12430993	0.298867
-20.3	167382	29502251	12258879	0.294729
-20.2	161771	29664022	12091497	0.290705
-20.1	157375	29821397	11929726	0.286815
-20	152848	29974245	11772351	0.283032
-19.9	146950	30121195	11619503	0.279357
-19.8	142307	30263502	11472553	0.275824
-19.7	137943	30401445	11330246	0.272403
-19.6	134067	30535512	11192303	0.269086
-19.5	129014	30664526	11058236	0.265863
-19.4	124788	30789314	10929222	0.262761
-19.3	121243	30910557	10804434	0.259761
-19.2	117717	31028274	10683191	0.256846
-19.1	115920	31144194	10565474	0.254016
-19	113494	31257688	10449554	0.251229
-18.9	111983	31369671	10336060	 0.2485
-18.8	108429	31478100	10224077	0.245808
-18.7	107687	31585787	10115648	0.243201
-18.6	107148	31692935	10007961	0.240612
-18.5	106079	31799014	9900813	0.238036
-18.4	105369	31904383	9794734	0.235486
-18.3	105748	32010131	9689365	0.232952
-18.2	104960	32115091	9583617	0.23041
-18.1	106723	32221814	9478657	0.227887
-18	107200	32329014	9371934	0.225321
-17.9	108145	32437159	9264734	0.222743
-17.8	109150	32546309	9156589	0.220143
-17.7	109832	32656141	9047439	0.217519
-17.6	111900	32768041	8937607	0.214879
-17.5	112356	32880397	8825707	0.212188
-17.4	114066	32994463	8713351	0.209487
-17.3	114553	33109016	8599285	0.206745
-17.2	115830	33224846	8484732	0.203991
-17.1	117544	33342390	8368902	0.201206
-17	117141	33459531	8251358	0.19838
-16.9	118412	33577943	8134217	0.195563
-16.8	119792	33697735	8015805	0.192717
-16.7	119343	33817078	7896013	0.189837
-16.6	119193	33936271	7776670	0.186967
-16.5	119960	34056231	7657477	0.184102
-16.4	120005	34176236	7537517	0.181218
-16.3	119542	34295778	7417512	0.178332
-16.2	119295	34415073	7297970	0.175458
-16.1	119548	34534621	7178675	0.17259
-16	119545	34654166	7059127	0.169716
-15.9	119028	34773194	6939582	0.166842
-15.8	118736	34891930	6820554	0.16398
-15.7	118428	35010358	6701818	0.161126
-15.6	118292	35128650	6583390	0.158278
-15.5	117990	35246640	6465098	0.155434
-15.4	117026	35363666	6347108	0.152598
-15.3	117289	35480955	6230082	0.149784
-15.2	116207	35597162	6112793	0.146964
-15.1	115966	35713128	5996586	0.14417
-15	115958	35829086	5880620	0.141382
-14.9	115370	35944456	5764662	0.138594
-14.8	115350	36059806	5649292	0.135821
-14.7	114658	36174464	5533942	0.133047
-14.6	114378	36288842	5419284	0.130291
-14.5	113689	36402531	5304906	0.127541
-14.4	113344	36515875	5191217	0.124808
-14.3	112175	36628050	5077873	0.122083
-14.2	111884	36739934	4965698	0.119386
-14.1	110864	36850798	4853814	0.116696
-14	108251	36959049	4742950	0.11403
-13.9	106737	37065786	4634699	0.111428
-13.8	106473	37172259	4527962	0.108862
-13.7	102969	37275228	4421489	0.106302
-13.6	100949	37376177	4318520	0.103826
-13.5	97192	37473369	4217571	0.101399
-13.4	131990	37605359	4120379	0.0990625
-13.3	92829	37698188	3988389	0.0958891
-13.2	88680	37786868	3895560	0.0936573
-13.1	86855	37873723	3806880	0.0915253
-13	82025	37955748	3720025	0.0894371
-12.9	77890	38033638	3638000	0.0874651
-12.8	74527	38108165	3560110	0.0855924
-12.7	70891	38179056	3485583	0.0838006
-12.6	68285	38247341	3414692	0.0820963
-12.5	64417	38311758	3346407	0.0804546
-12.4	62555	38374313	3281990	0.0789058
-12.3	59186	38433499	3219435	0.0774019
-12.2	55770	38489269	3160249	0.0759789
-12.1	53649	38542918	3104479	0.0746381
-12	51503	38594421	3050830	0.0733483
-11.9	49156	38643577	2999327	0.07211
-11.8	47829	38691406	2950171	0.0709282
-11.7	45371	38736777	2902342	0.0697783
-11.6	44071	38780848	2856971	0.0686875
-11.5	44148	38824996	2812900	0.067628
-11.4	41343	38866339	2768752	0.0665665
-11.3	41006	38907345	2727409	0.0655726
-11.2	40179	38947524	2686403	0.0645867
-11.1	39572	38987096	2646224	0.0636207
-11	38905	39026001	2606652	0.0626693
-10.9	38298	39064299	2567747	0.061734
-10.8	38883	39103182	2529449	0.0608132
-10.7	38545	39141727	2490566	0.0598784
-10.6	38309	39180036	2452021	0.0589517
-10.5	38839	39218875	2413712	0.0580306
-10.4	38510	39257385	2374873	0.0570969
-10.3	39399	39296784	2336363	0.056171
-10.2	39322	39336106	2296964	0.0552238
-10.1	39786	39375892	2257642	0.0542784
-10	39882	39415774	2217856	0.0533219
-9.9	40328	39456102	2177974	0.052363
-9.8	40443	39496545	2137646	0.0513934
-9.7	40773	39537318	2097203	0.0504211
-9.6	41314	39578632	2056430	0.0494408
-9.5	40961	39619593	2015116	0.0484476
-9.4	40990	39660583	1974155	0.0474628
-9.3	40576	39701159	1933165	0.0464773
-9.2	40823	39741982	1892589	0.0455018
-9.1	40585	39782567	1851766	0.0445203
-9	40629	39823196	1811181	0.0435445
-8.9	40564	39863760	1770552	0.0425677
-8.8	39793	39903553	1729988	0.0415925
-8.7	40017	39943570	1690195	0.0406358
-8.6	40008	39983578	1650178	0.0396737
-8.5	39324	40022902	1610170	0.0387118
-8.4	38978	40061880	1570846	0.0377664
-8.3	38961	40100841	1531868	0.0368293
-8.2	38512	40139353	1492907	0.0358926
-8.1	38055	40177408	1454395	0.0349667
-8	38077	40215485	1416340	0.0340518
-7.9	37424	40252909	1378263	0.0331363
-7.8	37053	40289962	1340839	0.0322366
-7.7	36974	40326936	1303786	0.0313457
-7.6	36432	40363368	1266812	0.0304568
-7.5	36218	40399586	1230380	0.0295809
-7.4	35398	40434984	1194162	0.0287101
-7.3	35353	40470337	1158764	0.0278591
-7.2	34775	40505112	1123411	0.0270091
-7.1	34287	40539399	1088636	0.0261731
-7	34291	40573690	1054349	0.0253487
-6.9	33448	40607138	1020058	0.0245243
-6.8	33017	40640155	986610	0.0237202
-6.7	32630	40672785	953593	0.0229264
-6.6	31760	40704545	920963	0.0221419
-6.5	31578	40736123	889203	0.0213783
-6.4	29751	40765874	857625	0.0206191
-6.3	29268	40795142	827874	0.0199038
-6.2	28114	40823256	798606	0.0192001
-6.1	27255	40850511	770492	0.0185242
-6	26219	40876730	743237	0.017869
-5.9	24985	40901715	717018	0.0172386
-5.8	24210	40925925	692033	0.0166379
-5.7	22885	40948810	667823	0.0160559
-5.6	22355	40971165	644938	0.0155056
-5.5	20198	40991363	622583	0.0149682
-5.4	19507	41010870	602385	0.0144826
-5.3	18406	41029276	582878	0.0140136
-5.2	16912	41046188	564472	0.0135711
-5.1	15901	41062089	547560	0.0131645
-5	14918	41077007	531659	0.0127822
-4.9	13708	41090715	516741	0.0124235
-4.8	13540	41104255	503033	0.012094
-4.7	12040	41116295	489493	0.0117684
-4.6	11579	41127874	477453	0.011479
-4.5	10702	41138576	465874	0.0112006
-4.4	9919	41148495	455172	0.0109433
-4.3	9631	41158126	445253	0.0107048
-4.2	9130	41167256	435622	0.0104733
-4.1	8678	41175934	426492	0.0102538
-4	8564	41184498	417814	0.0100451
-3.9	8235	41192733	409250	0.00983922
-3.8	7833	41200566	401015	0.00964123
-3.7	7647	41208213	393182	0.00945291
-3.6	7687	41215900	385535	0.00926906
-3.5	7514	41223414	377848	0.00908425
-3.4	7387	41230801	370334	0.0089036
-3.3	7231	41238032	362947	0.008726
-3.2	7015	41245047	355716	0.00855215
-3.1	7174	41252221	348701	0.0083835
-3	7276	41259497	341527	0.00821102
-2.9	7083	41266580	334251	0.00803609
-2.8	7286	41273866	327168	0.0078658
-2.7	7285	41281151	319882	0.00769063
-2.6	7327	41288478	312597	0.00751548
-2.5	7209	41295687	305270	0.00733932
-2.4	7236	41302923	298061	0.007166
-2.3	7070	41309993	290825	0.00699204
-2.2	7255	41317248	283755	0.00682206
-2.1	7335	41324583	276500	0.00664763
-2	7261	41331844	269165	0.00647129
-1.9	7174	41339018	261904	0.00629672
-1.8	7153	41346171	254730	0.00612424
-1.7	7198	41353369	247577	0.00595226
-1.6	6797	41360166	240379	0.00577921
-1.5	6956	41367122	233582	0.0056158
-1.4	6819	41373941	226626	0.00544856
-1.3	6818	41380759	219807	0.00528462
-1.2	6764	41387523	212989	0.0051207
-1.1	6675	41394198	206225	0.00495808
-1	6750	41400948	199550	0.0047976
-0.9	6656	41407604	192800	0.00463531
-0.8	6662	41414266	186144	0.00447529
-0.7	6402	41420668	179482	0.00431512
-0.6	6335	41427003	173080	0.0041612
-0.5	6258	41433261	166745	0.0040089
-0.4	6202	41439463	160487	0.00385844
-0.3	6082	41445545	154285	0.00370933
-0.2	5884	41451429	148203	0.00356311
-0.1	5828	41457257	142319	0.00342164
0	5852	41463109	136491	0.00328153
0.1	5667	41468776	130639	0.00314083
0.2	5621	41474397	124972	0.00300459
0.3	5461	41479858	119351	0.00286945
0.4	5313	41485171	113890	0.00273815
0.5	5163	41490334	108577	0.00261042
0.6	5136	41495470	103414	0.00248629
0.7	5164	41500634	98278	0.00236281
0.8	4739	41505373	93114	0.00223865
0.9	4597	41509970	88375	0.00212472
1	4477	41514447	83778	0.0020142
1.1	4241	41518688	79301	0.00190656
1.2	4119	41522807	75060	0.0018046
1.3	3780	41526587	70941	0.00170557
1.4	3562	41530149	67161	0.00161469
1.5	3480	41533629	63599	0.00152905
1.6	3278	41536907	60119	0.00144539
1.7	3626	41540533	56841	0.00136658
1.8	2903	41543436	53215	0.0012794
1.9	2612	41546048	50312	0.0012096
2	2467	41548515	47700	0.00114681
2.1	2323	41550838	45233	0.0010875
2.2	2152	41552990	42910	0.00103165
2.3	1955	41554945	40758	0.000979907
2.4	1815	41556760	38803	0.000932905
2.5	1670	41558430	36988	0.000889268
2.6	1490	41559920	35318	0.000849118
2.7	1359	41561279	33828	0.000813295
2.8	1276	41562555	32469	0.000780622
2.9	1113	41563668	31193	0.000749944
3	1082	41564750	30080	0.000723186
3.1	933	41565683	28998	0.000697172
3.2	905	41566588	28065	0.000674741
3.3	849	41567437	27160	0.000652983
3.4	697	41568134	26311	0.000632571
3.5	724	41568858	25614	0.000615814
3.6	649	41569507	24890	0.000598407
3.7	656	41570163	24241	0.000582804
3.8	636	41570799	23585	0.000567032
3.9	638	41571437	22949	0.000551742
4	601	41572038	22311	0.000536403
4.1	580	41572618	21710	0.000521953
4.2	544	41573162	21130	0.000508009
4.3	532	41573694	20586	0.00049493
4.4	516	41574210	20054	0.00048214
4.5	503	41574713	19538	0.000469734
4.6	525	41575238	19035	0.000457641
4.7	539	41575777	18510	0.000445019
4.8	462	41576239	17971	0.00043206
4.9	538	41576777	17509	0.000420953
5	544	41577321	16971	0.000408018
5.1	510	41577831	16427	0.000394939
5.2	527	41578358	15917	0.000382678
5.3	493	41578851	15390	0.000370008
5.4	481	41579332	14897	0.000358155
5.5	481	41579813	14416	0.000346591
5.6	454	41580267	13935	0.000335026
5.7	434	41580701	13481	0.000324111
5.8	485	41581186	13047	0.000313677
5.9	504	41581690	12562	0.000302017
6	491	41582181	12058	0.000289899
6.1	468	41582649	11567	0.000278095
6.2	501	41583150	11099	0.000266843
6.3	450	41583600	10598	0.000254798
6.4	434	41584034	10148	0.000243979
6.5	422	41584456	9714	0.000233545
6.6	406	41584862	9292	0.000223399
6.7	375	41585237	8886	0.000213638
6.8	406	41585643	8511	0.000204622
6.9	388	41586031	8105	0.000194861
7	439	41586470	7717	0.000185533
7.1	400	41586870	7278	0.000174978
7.2	346	41587216	6878	0.000165361
7.3	381	41587597	6532	0.000157043
7.4	357	41587954	6151	0.000147883
7.5	354	41588308	5794	0.0001393
7.6	378	41588686	5440	0.000130789
7.7	320	41589006	5062	0.000121701
7.8	318	41589324	4742	0.000114008
7.9	281	41589605	4424	0.000106362
8	305	41589910	4143	9.96063e-05
8.1	289	41590199	3838	9.22735e-05
8.2	292	41590491	3549	8.53253e-05
8.3	260	41590751	3257	7.8305e-05
8.4	271	41591022	2997	7.20541e-05
8.5	223	41591245	2726	6.55387e-05
8.6	219	41591464	2503	6.01773e-05
8.7	203	41591667	2284	5.49121e-05
8.8	200	41591867	2081	5.00316e-05
8.9	223	41592090	1881	4.52231e-05
9	178	41592268	1658	3.98618e-05
9.1	169	41592437	1480	3.55823e-05
9.2	148	41592585	1311	3.15192e-05
9.3	150	41592735	1163	2.79609e-05
9.4	124	41592859	1013	2.43546e-05
9.5	96	41592955	889	2.13734e-05
9.6	112	41593067	793	1.90654e-05
9.7	102	41593169	681	1.63727e-05
9.8	81	41593250	579	1.39204e-05
9.9	89	41593339	498	1.1973e-05
10	66	41593405	409	9.83321e-06
10.1	54	41593459	343	8.24643e-06
10.2	53	41593512	289	6.94816e-06
10.3	39	41593551	236	5.67393e-06
10.4	47	41593598	197	4.73629e-06
10.5	24	41593622	150	3.60631e-06
10.6	29	41593651	126	3.0293e-06
10.7	21	41593672	97	2.33208e-06
10.8	12	41593684	76	1.8272e-06
10.9	11	41593695	64	1.53869e-06
11	12	41593707	53	1.27423e-06
11.1	10	41593717	41	9.85725e-07
11.2	3	41593720	31	7.45304e-07
11.3	4	41593724	28	6.73178e-07
11.4	7	41593731	24	5.7701e-07
11.5	3	41593734	17	4.08715e-07
11.6	5	41593739	14	3.36589e-07
11.7	5	41593744	9	2.16379e-07
11.8	1	41593745	4	9.61683e-08
11.9	3	41593748	3	7.21262e-08
