; matrix-distrib  -v 1 -m $RSAT/public_html/tmp/wwwrun/2014/09/05/matrix-quality_2014-09-05.235841_QFnNnl/do798plusdo735_mmus_hnf6_liver_meme_top_m1/matrix-quality_2014-09-05.235841_do798plusdo735_mmus_hnf6_liver_meme_top_m1_matrix.tab -matrix_format tab -pseudo 1 -bgfile $RSAT/public_html/tmp/wwwrun/2014/09/05/matrix-quality_2014-09-05.235841_QFnNnl/matrix-quality_2014-09-05.2358412nt_upstream-noorf_Canis_familiaris_EnsEMBL-ovlp-1str.freq.gz_inclusive.tab -bg_format inclusive -bg_pseudo 0.01 -decimals 1 -o $RSAT/public_html/tmp/wwwrun/2014/09/05/matrix-quality_2014-09-05.235841_QFnNnl/do798plusdo735_mmus_hnf6_liver_meme_top_m1/matrix-quality_2014-09-05.235841_do798plusdo735_mmus_hnf6_liver_meme_top_m1_theor_score_distrib.tab
; Input files
;	bgfile	/home/rsat/rsat/public_html/tmp/wwwrun/2014/09/05/matrix-quality_2014-09-05.235841_QFnNnl/matrix-quality_2014-09-05.2358412nt_upstream-noorf_Canis_familiaris_EnsEMBL-ovlp-1str.freq.gz_inclusive.tab
; Output files
;	output	/home/rsat/rsat/public_html/tmp/wwwrun/2014/09/05/matrix-quality_2014-09-05.235841_QFnNnl/do798plusdo735_mmus_hnf6_liver_meme_top_m1/matrix-quality_2014-09-05.235841_do798plusdo735_mmus_hnf6_liver_meme_top_m1_theor_score_distrib.tab
; Background model
;	Markov order  	1
;	Strand        	undef
;	Background pseudo-frequency	0.01
;	Residue probabilities
;		a	0.26457
;		c	0.23303
;		g	0.23983
;		t	0.26257
;
; Matrix: matrix-quality_2014-09-05
;
; Theoretical distribution of weight probabilities
;	1	weight      	log-likelihood score: w=P(S|M)/P(S|B)
;	2	proba       	probability density function: P(W=w)
;	3	cum         	cumulative density function: P(W <= w)
;	4	Pval        	P-value = inverse cumulative density function: Pval = P(W >= w)
;	5	ln_Pval     	natural logarithm of the P-value
;	6	log_P       	base 10 logarithm of the P-value
;	7	sig         	significance: sig = -log10(Pval)
#weight	proba	cum	Pval	ln_Pval	log_P	sig
-49.1	NA	0.0e+00	1.0e+00	0.000	-0	0.000
-49.0	6.8e-09	6.8e-09	1.0e+00	0.000	-0	0.000
-48.9	4.6e-08	5.3e-08	1.0e+00	-0.000	-0	0.000
-48.8	5.1e-08	1.0e-07	1.0e+00	-0.000	-0	0.000
-48.7	9.9e-08	2.0e-07	1.0e+00	-0.000	-0	0.000
-48.6	1.8e-07	3.8e-07	1.0e+00	-0.000	-0	0.000
-48.5	3.9e-07	7.7e-07	1.0e+00	-0.000	-0	0.000
-48.4	6.3e-07	1.4e-06	1.0e+00	-0.000	-0	0.000
-48.3	8.2e-07	2.2e-06	1.0e+00	-0.000	-0	0.000
-48.2	1.4e-06	3.6e-06	1.0e+00	-0.000	-0	0.000
-48.1	1.7e-06	5.4e-06	1.0e+00	-0.000	-0	0.000
-48.0	2.9e-06	8.3e-06	1.0e+00	-0.000	-0	0.000
-47.9	3.8e-06	1.2e-05	1.0e+00	-0.000	-0	0.000
-47.8	5.0e-06	1.7e-05	1.0e+00	-0.000	-0	0.000
-47.7	5.6e-06	2.3e-05	1.0e+00	-0.000	-0	0.000
-47.6	7.8e-06	3.1e-05	1.0e+00	-0.000	-0	0.000
-47.5	1.1e-05	4.1e-05	1.0e+00	-0.000	-0	0.000
-47.4	1.2e-05	5.3e-05	1.0e+00	-0.000	-0	0.000
-47.3	1.3e-05	6.6e-05	1.0e+00	-0.000	-0	0.000
-47.2	1.7e-05	8.2e-05	1.0e+00	-0.000	-0	0.000
-47.1	2.0e-05	1.0e-04	1.0e+00	-0.000	-0	0.000
-47.0	2.5e-05	1.3e-04	1.0e+00	-0.000	-0	0.000
-46.9	2.7e-05	1.5e-04	1.0e+00	-0.000	-0	0.000
-46.8	3.1e-05	1.9e-04	1.0e+00	-0.000	-0	0.000
-46.7	3.2e-05	2.2e-04	1.0e+00	-0.000	-0	0.000
-46.6	4.0e-05	2.6e-04	1.0e+00	-0.000	-0	0.000
-46.5	5.1e-05	3.1e-04	1.0e+00	-0.000	-0	0.000
-46.4	5.3e-05	3.6e-04	1.0e+00	-0.000	-0	0.000
-46.3	5.3e-05	4.1e-04	1.0e+00	-0.000	-0	0.000
-46.2	6.5e-05	4.8e-04	1.0e+00	-0.000	-0	0.000
-46.1	7.3e-05	5.5e-04	1.0e+00	-0.000	-0	0.000
-46.0	8.9e-05	6.4e-04	1.0e+00	-0.001	-0	0.000
-45.9	9.1e-05	7.3e-04	1.0e+00	-0.001	-0	0.000
-45.8	9.9e-05	8.3e-04	1.0e+00	-0.001	-0	0.000
-45.7	9.7e-05	9.3e-04	1.0e+00	-0.001	-0	0.000
-45.6	1.2e-04	1.0e-03	1.0e+00	-0.001	-0	0.000
-45.5	1.4e-04	1.2e-03	1.0e+00	-0.001	-0	0.000
-45.4	1.4e-04	1.3e-03	1.0e+00	-0.001	-0.001	0.001
-45.3	1.3e-04	1.5e-03	1.0e+00	-0.001	-0.001	0.001
-45.2	1.6e-04	1.6e-03	1.0e+00	-0.001	-0.001	0.001
-45.1	1.7e-04	1.8e-03	1.0e+00	-0.002	-0.001	0.001
-45.0	2.0e-04	2.0e-03	1.0e+00	-0.002	-0.001	0.001
-44.9	2.0e-04	2.2e-03	1.0e+00	-0.002	-0.001	0.001
-44.8	2.1e-04	2.4e-03	1.0e+00	-0.002	-0.001	0.001
-44.7	2.0e-04	2.6e-03	1.0e+00	-0.002	-0.001	0.001
-44.6	2.4e-04	2.8e-03	1.0e+00	-0.003	-0.001	0.001
-44.5	2.8e-04	3.1e-03	1.0e+00	-0.003	-0.001	0.001
-44.4	2.7e-04	3.4e-03	1.0e+00	-0.003	-0.001	0.001
-44.3	2.6e-04	3.6e-03	1.0e+00	-0.003	-0.001	0.001
-44.2	3.0e-04	3.9e-03	1.0e+00	-0.004	-0.002	0.002
-44.1	3.2e-04	4.3e-03	1.0e+00	-0.004	-0.002	0.002
-44.0	3.7e-04	4.6e-03	1.0e+00	-0.004	-0.002	0.002
-43.9	3.5e-04	5.0e-03	1.0e+00	-0.005	-0.002	0.002
-43.8	3.7e-04	5.4e-03	1.0e+00	-0.005	-0.002	0.002
-43.7	3.5e-04	5.7e-03	9.9e-01	-0.005	-0.002	0.002
-43.6	4.0e-04	6.1e-03	9.9e-01	-0.006	-0.002	0.002
-43.5	4.7e-04	6.6e-03	9.9e-01	-0.006	-0.003	0.003
-43.4	4.4e-04	7.0e-03	9.9e-01	-0.007	-0.003	0.003
-43.3	4.1e-04	7.4e-03	9.9e-01	-0.007	-0.003	0.003
-43.2	4.7e-04	7.9e-03	9.9e-01	-0.007	-0.003	0.003
-43.1	4.9e-04	8.4e-03	9.9e-01	-0.008	-0.003	0.003
-43.0	5.6e-04	9.0e-03	9.9e-01	-0.008	-0.004	0.004
-42.9	5.2e-04	9.5e-03	9.9e-01	-0.009	-0.004	0.004
-42.8	5.4e-04	1.0e-02	9.9e-01	-0.010	-0.004	0.004
-42.7	5.0e-04	1.1e-02	9.9e-01	-0.010	-0.004	0.004
-42.6	5.7e-04	1.1e-02	9.9e-01	-0.011	-0.005	0.005
-42.5	6.4e-04	1.2e-02	9.9e-01	-0.011	-0.005	0.005
-42.4	5.9e-04	1.2e-02	9.9e-01	-0.012	-0.005	0.005
-42.3	5.4e-04	1.3e-02	9.9e-01	-0.012	-0.005	0.005
-42.2	6.1e-04	1.3e-02	9.9e-01	-0.013	-0.006	0.006
-42.1	6.2e-04	1.4e-02	9.9e-01	-0.014	-0.006	0.006
-42.0	6.9e-04	1.5e-02	9.9e-01	-0.014	-0.006	0.006
-41.9	6.3e-04	1.5e-02	9.9e-01	-0.015	-0.006	0.006
-41.8	6.4e-04	1.6e-02	9.8e-01	-0.015	-0.007	0.007
-41.7	5.7e-04	1.7e-02	9.8e-01	-0.016	-0.007	0.007
-41.6	6.5e-04	1.7e-02	9.8e-01	-0.017	-0.007	0.007
-41.5	7.1e-04	1.8e-02	9.8e-01	-0.017	-0.008	0.008
-41.4	6.5e-04	1.9e-02	9.8e-01	-0.018	-0.008	0.008
-41.3	5.9e-04	1.9e-02	9.8e-01	-0.019	-0.008	0.008
-41.2	6.6e-04	2.0e-02	9.8e-01	-0.019	-0.008	0.008
-41.1	6.6e-04	2.1e-02	9.8e-01	-0.020	-0.009	0.009
-41.0	7.3e-04	2.1e-02	9.8e-01	-0.021	-0.009	0.009
-40.9	6.7e-04	2.2e-02	9.8e-01	-0.021	-0.009	0.009
-40.8	6.7e-04	2.3e-02	9.8e-01	-0.022	-0.01	0.010
-40.7	6.1e-04	2.3e-02	9.8e-01	-0.023	-0.01	0.010
-40.6	6.9e-04	2.4e-02	9.8e-01	-0.023	-0.01	0.010
-40.5	7.8e-04	2.5e-02	9.8e-01	-0.024	-0.011	0.011
-40.4	7.2e-04	2.5e-02	9.8e-01	-0.025	-0.011	0.011
-40.3	6.6e-04	2.6e-02	9.7e-01	-0.026	-0.011	0.011
-40.2	7.5e-04	2.7e-02	9.7e-01	-0.026	-0.011	0.011
-40.1	7.7e-04	2.8e-02	9.7e-01	-0.027	-0.012	0.012
-40.0	8.7e-04	2.8e-02	9.7e-01	-0.028	-0.012	0.012
-39.9	8.2e-04	2.9e-02	9.7e-01	-0.029	-0.013	0.013
-39.8	8.4e-04	3.0e-02	9.7e-01	-0.030	-0.013	0.013
-39.7	7.8e-04	3.1e-02	9.7e-01	-0.031	-0.013	0.013
-39.6	9.0e-04	3.2e-02	9.7e-01	-0.031	-0.014	0.014
-39.5	1.0e-03	3.3e-02	9.7e-01	-0.032	-0.014	0.014
-39.4	9.7e-04	3.4e-02	9.7e-01	-0.033	-0.014	0.014
-39.3	9.1e-04	3.5e-02	9.7e-01	-0.034	-0.015	0.015
-39.2	1.0e-03	3.6e-02	9.7e-01	-0.035	-0.015	0.015
-39.1	1.1e-03	3.7e-02	9.6e-01	-0.036	-0.016	0.016
-39.0	1.2e-03	3.8e-02	9.6e-01	-0.038	-0.016	0.016
-38.9	1.2e-03	3.9e-02	9.6e-01	-0.039	-0.017	0.017
-38.8	1.2e-03	4.0e-02	9.6e-01	-0.040	-0.017	0.017
-38.7	1.1e-03	4.2e-02	9.6e-01	-0.041	-0.018	0.018
-38.6	1.3e-03	4.3e-02	9.6e-01	-0.042	-0.018	0.018
-38.5	1.5e-03	4.4e-02	9.6e-01	-0.044	-0.019	0.019
-38.4	1.4e-03	4.6e-02	9.6e-01	-0.045	-0.02	0.020
-38.3	1.3e-03	4.7e-02	9.5e-01	-0.047	-0.02	0.020
-38.2	1.5e-03	4.8e-02	9.5e-01	-0.048	-0.021	0.021
-38.1	1.5e-03	5.0e-02	9.5e-01	-0.050	-0.022	0.022
-38.0	1.7e-03	5.2e-02	9.5e-01	-0.051	-0.022	0.022
-37.9	1.6e-03	5.3e-02	9.5e-01	-0.053	-0.023	0.023
-37.8	1.6e-03	5.5e-02	9.5e-01	-0.055	-0.024	0.024
-37.7	1.5e-03	5.6e-02	9.5e-01	-0.056	-0.024	0.024
-37.6	1.7e-03	5.8e-02	9.4e-01	-0.058	-0.025	0.025
-37.5	1.9e-03	6.0e-02	9.4e-01	-0.060	-0.026	0.026
-37.4	1.8e-03	6.2e-02	9.4e-01	-0.062	-0.027	0.027
-37.3	1.6e-03	6.3e-02	9.4e-01	-0.064	-0.028	0.028
-37.2	1.9e-03	6.5e-02	9.4e-01	-0.065	-0.028	0.028
-37.1	1.9e-03	6.7e-02	9.3e-01	-0.067	-0.029	0.029
-37.0	2.2e-03	6.9e-02	9.3e-01	-0.070	-0.03	0.030
-36.9	2.0e-03	7.1e-02	9.3e-01	-0.072	-0.031	0.031
-36.8	2.1e-03	7.3e-02	9.3e-01	-0.074	-0.032	0.032
-36.7	1.9e-03	7.5e-02	9.3e-01	-0.076	-0.033	0.033
-36.6	2.2e-03	7.8e-02	9.2e-01	-0.078	-0.034	0.034
-36.5	2.4e-03	8.0e-02	9.2e-01	-0.081	-0.035	0.035
-36.4	2.3e-03	8.2e-02	9.2e-01	-0.083	-0.036	0.036
-36.3	2.1e-03	8.4e-02	9.2e-01	-0.086	-0.037	0.037
-36.2	2.4e-03	8.7e-02	9.2e-01	-0.088	-0.038	0.038
-36.1	2.4e-03	8.9e-02	9.1e-01	-0.091	-0.039	0.039
-36.0	2.7e-03	9.2e-02	9.1e-01	-0.093	-0.041	0.041
-35.9	2.5e-03	9.4e-02	9.1e-01	-0.096	-0.042	0.042
-35.8	2.5e-03	9.7e-02	9.1e-01	-0.099	-0.043	0.043
-35.7	2.3e-03	9.9e-02	9.0e-01	-0.102	-0.044	0.044
-35.6	2.6e-03	1.0e-01	9.0e-01	-0.104	-0.045	0.045
-35.5	2.9e-03	1.0e-01	9.0e-01	-0.107	-0.047	0.047
-35.4	2.7e-03	1.1e-01	9.0e-01	-0.110	-0.048	0.048
-35.3	2.4e-03	1.1e-01	8.9e-01	-0.113	-0.049	0.049
-35.2	2.7e-03	1.1e-01	8.9e-01	-0.116	-0.05	0.050
-35.1	2.8e-03	1.2e-01	8.9e-01	-0.119	-0.052	0.052
-35.0	3.0e-03	1.2e-01	8.8e-01	-0.122	-0.053	0.053
-34.9	2.8e-03	1.2e-01	8.8e-01	-0.126	-0.055	0.055
-34.8	2.8e-03	1.2e-01	8.8e-01	-0.129	-0.056	0.056
-34.7	2.5e-03	1.3e-01	8.8e-01	-0.132	-0.057	0.057
-34.6	2.8e-03	1.3e-01	8.7e-01	-0.135	-0.059	0.059
-34.5	3.1e-03	1.3e-01	8.7e-01	-0.138	-0.06	0.060
-34.4	2.8e-03	1.3e-01	8.7e-01	-0.142	-0.062	0.062
-34.3	2.5e-03	1.4e-01	8.7e-01	-0.145	-0.063	0.063
-34.2	2.8e-03	1.4e-01	8.6e-01	-0.148	-0.064	0.064
-34.1	2.8e-03	1.4e-01	8.6e-01	-0.151	-0.066	0.066
-34.0	3.1e-03	1.5e-01	8.6e-01	-0.154	-0.067	0.067
-33.9	2.8e-03	1.5e-01	8.5e-01	-0.158	-0.069	0.069
-33.8	2.8e-03	1.5e-01	8.5e-01	-0.161	-0.07	0.070
-33.7	2.5e-03	1.5e-01	8.5e-01	-0.165	-0.071	0.071
-33.6	2.8e-03	1.6e-01	8.5e-01	-0.168	-0.073	0.073
-33.5	3.1e-03	1.6e-01	8.4e-01	-0.171	-0.074	0.074
-33.4	2.8e-03	1.6e-01	8.4e-01	-0.174	-0.076	0.076
-33.3	2.5e-03	1.7e-01	8.4e-01	-0.178	-0.077	0.077
-33.2	2.9e-03	1.7e-01	8.3e-01	-0.181	-0.079	0.079
-33.1	2.9e-03	1.7e-01	8.3e-01	-0.184	-0.08	0.080
-33.0	3.2e-03	1.7e-01	8.3e-01	-0.188	-0.082	0.082
-32.9	3.0e-03	1.8e-01	8.3e-01	-0.192	-0.083	0.083
-32.8	3.0e-03	1.8e-01	8.2e-01	-0.195	-0.085	0.085
-32.7	2.8e-03	1.8e-01	8.2e-01	-0.199	-0.086	0.086
-32.6	3.1e-03	1.9e-01	8.2e-01	-0.202	-0.088	0.088
-32.5	3.5e-03	1.9e-01	8.1e-01	-0.206	-0.09	0.090
-32.4	3.2e-03	1.9e-01	8.1e-01	-0.210	-0.091	0.091
-32.3	3.0e-03	2.0e-01	8.1e-01	-0.214	-0.093	0.093
-32.2	3.4e-03	2.0e-01	8.0e-01	-0.218	-0.095	0.095
-32.1	3.4e-03	2.0e-01	8.0e-01	-0.222	-0.097	0.097
-32.0	3.5e-03	2.1e-01	8.0e-01	-0.227	-0.098	0.098
-31.9	3.9e-03	2.1e-01	7.9e-01	-0.231	-0.1	0.100
-31.8	3.6e-03	2.1e-01	7.9e-01	-0.236	-0.102	0.102
-31.7	3.3e-03	2.2e-01	7.9e-01	-0.241	-0.104	0.104
-31.6	4.1e-03	2.2e-01	7.8e-01	-0.245	-0.106	0.106
-31.5	3.4e-03	2.2e-01	7.8e-01	-0.250	-0.109	0.109
-31.4	4.2e-03	2.3e-01	7.8e-01	-0.254	-0.11	0.110
-31.3	3.5e-03	2.3e-01	7.7e-01	-0.260	-0.113	0.113
-31.2	3.9e-03	2.4e-01	7.7e-01	-0.264	-0.115	0.115
-31.1	4.4e-03	2.4e-01	7.6e-01	-0.269	-0.117	0.117
-31.0	3.6e-03	2.4e-01	7.6e-01	-0.275	-0.12	0.120
-30.9	4.5e-03	2.5e-01	7.6e-01	-0.280	-0.122	0.122
-30.8	4.1e-03	2.5e-01	7.5e-01	-0.286	-0.124	0.124
-30.7	3.7e-03	2.6e-01	7.5e-01	-0.291	-0.127	0.127
-30.6	4.6e-03	2.6e-01	7.4e-01	-0.296	-0.129	0.129
-30.5	3.8e-03	2.6e-01	7.4e-01	-0.303	-0.131	0.131
-30.4	4.6e-03	2.7e-01	7.4e-01	-0.308	-0.134	0.134
-30.3	3.8e-03	2.7e-01	7.3e-01	-0.314	-0.136	0.136
-30.2	4.3e-03	2.8e-01	7.3e-01	-0.319	-0.139	0.139
-30.1	4.7e-03	2.8e-01	7.2e-01	-0.325	-0.141	0.141
-30.0	3.9e-03	2.9e-01	7.2e-01	-0.332	-0.144	0.144
-29.9	4.8e-03	2.9e-01	7.1e-01	-0.337	-0.146	0.146
-29.8	4.4e-03	3.0e-01	7.1e-01	-0.344	-0.149	0.149
-29.7	4.0e-03	3.0e-01	7.0e-01	-0.350	-0.152	0.152
-29.6	4.9e-03	3.0e-01	7.0e-01	-0.356	-0.155	0.155
-29.5	4.1e-03	3.1e-01	7.0e-01	-0.363	-0.158	0.158
-29.4	5.0e-03	3.1e-01	6.9e-01	-0.369	-0.16	0.160
-29.3	4.1e-03	3.2e-01	6.9e-01	-0.376	-0.163	0.163
-29.2	4.6e-03	3.2e-01	6.8e-01	-0.382	-0.166	0.166
-29.1	5.1e-03	3.3e-01	6.8e-01	-0.389	-0.169	0.169
-29.0	4.2e-03	3.3e-01	6.7e-01	-0.397	-0.172	0.172
-28.9	5.2e-03	3.4e-01	6.7e-01	-0.403	-0.175	0.175
-28.8	4.7e-03	3.4e-01	6.6e-01	-0.411	-0.178	0.178
-28.7	4.3e-03	3.5e-01	6.6e-01	-0.418	-0.181	0.181
-28.6	5.3e-03	3.5e-01	6.5e-01	-0.424	-0.184	0.184
-28.5	4.3e-03	3.6e-01	6.5e-01	-0.432	-0.188	0.188
-28.4	5.3e-03	3.6e-01	6.4e-01	-0.439	-0.191	0.191
-28.3	4.4e-03	3.7e-01	6.4e-01	-0.447	-0.194	0.194
-28.2	4.8e-03	3.7e-01	6.3e-01	-0.454	-0.197	0.197
-28.1	5.3e-03	3.8e-01	6.3e-01	-0.462	-0.201	0.201
-28.0	4.3e-03	3.8e-01	6.2e-01	-0.470	-0.204	0.204
-27.9	5.3e-03	3.8e-01	6.2e-01	-0.477	-0.207	0.207
-27.8	4.8e-03	3.9e-01	6.2e-01	-0.486	-0.211	0.211
-27.7	4.3e-03	3.9e-01	6.1e-01	-0.494	-0.214	0.214
-27.6	5.2e-03	4.0e-01	6.1e-01	-0.501	-0.217	0.217
-27.5	4.2e-03	4.0e-01	6.0e-01	-0.509	-0.221	0.221
-27.4	5.1e-03	4.1e-01	6.0e-01	-0.516	-0.224	0.224
-27.3	4.1e-03	4.1e-01	5.9e-01	-0.525	-0.228	0.228
-27.2	4.6e-03	4.2e-01	5.9e-01	-0.532	-0.231	0.231
-27.1	5.0e-03	4.2e-01	5.8e-01	-0.540	-0.234	0.234
-27.0	4.0e-03	4.3e-01	5.8e-01	-0.548	-0.238	0.238
-26.9	4.8e-03	4.3e-01	5.7e-01	-0.555	-0.241	0.241
-26.8	4.4e-03	4.4e-01	5.7e-01	-0.564	-0.245	0.245
-26.7	3.9e-03	4.4e-01	5.6e-01	-0.571	-0.248	0.248
-26.6	4.7e-03	4.4e-01	5.6e-01	-0.578	-0.251	0.251
-26.5	3.8e-03	4.5e-01	5.6e-01	-0.587	-0.255	0.255
-26.4	4.6e-03	4.5e-01	5.5e-01	-0.594	-0.258	0.258
-26.3	3.8e-03	4.6e-01	5.5e-01	-0.602	-0.262	0.262
-26.2	4.2e-03	4.6e-01	5.4e-01	-0.609	-0.265	0.265
-26.1	4.6e-03	4.6e-01	5.4e-01	-0.617	-0.268	0.268
-26.0	3.8e-03	4.7e-01	5.4e-01	-0.625	-0.272	0.272
-25.9	4.6e-03	4.7e-01	5.3e-01	-0.632	-0.275	0.275
-25.8	4.2e-03	4.8e-01	5.3e-01	-0.641	-0.278	0.278
-25.7	3.8e-03	4.8e-01	5.2e-01	-0.649	-0.282	0.282
-25.6	4.7e-03	4.9e-01	5.2e-01	-0.656	-0.285	0.285
-25.5	3.9e-03	4.9e-01	5.1e-01	-0.666	-0.289	0.289
-25.4	4.7e-03	4.9e-01	5.1e-01	-0.673	-0.292	0.292
-25.3	3.9e-03	5.0e-01	5.1e-01	-0.682	-0.296	0.296
-25.2	4.4e-03	5.0e-01	5.0e-01	-0.690	-0.3	0.300
-25.1	4.9e-03	5.1e-01	5.0e-01	-0.699	-0.304	0.304
-25.0	4.1e-03	5.1e-01	4.9e-01	-0.709	-0.308	0.308
-24.9	5.0e-03	5.2e-01	4.9e-01	-0.717	-0.311	0.311
-24.8	4.6e-03	5.2e-01	4.8e-01	-0.728	-0.316	0.316
-24.7	4.2e-03	5.3e-01	4.8e-01	-0.737	-0.32	0.320
-24.6	5.1e-03	5.3e-01	4.7e-01	-0.746	-0.324	0.324
-24.5	4.2e-03	5.4e-01	4.7e-01	-0.757	-0.329	0.329
-24.4	5.2e-03	5.4e-01	4.6e-01	-0.766	-0.333	0.333
-24.3	4.3e-03	5.4e-01	4.6e-01	-0.777	-0.337	0.337
-24.2	4.8e-03	5.5e-01	4.6e-01	-0.786	-0.342	0.342
-24.1	5.3e-03	5.5e-01	4.5e-01	-0.797	-0.346	0.346
-24.0	4.3e-03	5.6e-01	4.5e-01	-0.809	-0.351	0.351
-23.9	5.3e-03	5.6e-01	4.4e-01	-0.818	-0.355	0.355
-23.8	4.8e-03	5.7e-01	4.4e-01	-0.831	-0.361	0.361
-23.7	4.3e-03	5.7e-01	4.3e-01	-0.842	-0.366	0.366
-23.6	5.3e-03	5.8e-01	4.3e-01	-0.852	-0.37	0.370
-23.5	4.3e-03	5.8e-01	4.2e-01	-0.864	-0.375	0.375
-23.4	5.3e-03	5.9e-01	4.2e-01	-0.875	-0.38	0.380
-23.3	4.3e-03	5.9e-01	4.1e-01	-0.887	-0.385	0.385
-23.2	4.8e-03	6.0e-01	4.1e-01	-0.898	-0.39	0.390
-23.1	5.2e-03	6.0e-01	4.0e-01	-0.910	-0.395	0.395
-23.0	4.3e-03	6.1e-01	4.0e-01	-0.923	-0.401	0.401
-22.9	5.2e-03	6.1e-01	3.9e-01	-0.933	-0.405	0.405
-22.8	4.7e-03	6.2e-01	3.9e-01	-0.947	-0.411	0.411
-22.7	4.2e-03	6.2e-01	3.8e-01	-0.959	-0.416	0.416
-22.6	5.1e-03	6.3e-01	3.8e-01	-0.970	-0.421	0.421
-22.5	4.2e-03	6.3e-01	3.7e-01	-0.983	-0.427	0.427
-22.4	5.1e-03	6.4e-01	3.7e-01	-0.995	-0.432	0.432
-22.3	4.1e-03	6.4e-01	3.6e-01	-1.008	-0.438	0.438
-22.2	4.6e-03	6.4e-01	3.6e-01	-1.020	-0.443	0.443
-22.1	5.0e-03	6.5e-01	3.6e-01	-1.033	-0.449	0.449
-22.0	4.1e-03	6.5e-01	3.5e-01	-1.047	-0.455	0.455
-21.9	5.0e-03	6.6e-01	3.5e-01	-1.059	-0.46	0.460
-21.8	4.5e-03	6.6e-01	3.4e-01	-1.073	-0.466	0.466
-21.7	4.1e-03	6.7e-01	3.4e-01	-1.087	-0.472	0.472
-21.6	4.9e-03	6.7e-01	3.3e-01	-1.099	-0.477	0.477
-21.5	4.0e-03	6.8e-01	3.3e-01	-1.114	-0.484	0.484
-21.4	4.9e-03	6.8e-01	3.2e-01	-1.126	-0.489	0.489
-21.3	4.0e-03	6.8e-01	3.2e-01	-1.141	-0.496	0.496
-21.2	4.4e-03	6.9e-01	3.2e-01	-1.154	-0.501	0.501
-21.1	4.8e-03	6.9e-01	3.1e-01	-1.168	-0.507	0.507
-21.0	3.9e-03	7.0e-01	3.1e-01	-1.183	-0.514	0.514
-20.9	4.7e-03	7.0e-01	3.0e-01	-1.196	-0.519	0.519
-20.8	4.2e-03	7.1e-01	3.0e-01	-1.211	-0.526	0.526
-20.7	3.7e-03	7.1e-01	2.9e-01	-1.225	-0.532	0.532
-20.6	4.5e-03	7.1e-01	2.9e-01	-1.238	-0.538	0.538
-20.5	3.6e-03	7.2e-01	2.9e-01	-1.254	-0.544	0.544
-20.4	4.3e-03	7.2e-01	2.8e-01	-1.266	-0.55	0.550
-20.3	3.4e-03	7.3e-01	2.8e-01	-1.282	-0.557	0.557
-20.2	3.8e-03	7.3e-01	2.7e-01	-1.294	-0.562	0.562
-20.1	4.0e-03	7.3e-01	2.7e-01	-1.308	-0.568	0.568
-20.0	3.2e-03	7.4e-01	2.7e-01	-1.323	-0.575	0.575
-19.9	3.8e-03	7.4e-01	2.6e-01	-1.335	-0.58	0.580
-19.8	3.4e-03	7.4e-01	2.6e-01	-1.350	-0.586	0.586
-19.7	3.0e-03	7.5e-01	2.6e-01	-1.363	-0.592	0.592
-19.6	3.6e-03	7.5e-01	2.5e-01	-1.375	-0.597	0.597
-19.5	2.9e-03	7.5e-01	2.5e-01	-1.389	-0.603	0.603
-19.4	3.4e-03	7.6e-01	2.5e-01	-1.401	-0.608	0.608
-19.3	2.7e-03	7.6e-01	2.4e-01	-1.415	-0.614	0.614
-19.2	3.0e-03	7.6e-01	2.4e-01	-1.426	-0.619	0.619
-19.1	3.2e-03	7.7e-01	2.4e-01	-1.439	-0.625	0.625
-19.0	2.6e-03	7.7e-01	2.3e-01	-1.453	-0.631	0.631
-18.9	3.2e-03	7.7e-01	2.3e-01	-1.464	-0.636	0.636
-18.8	2.8e-03	7.7e-01	2.3e-01	-1.477	-0.642	0.642
-18.7	2.5e-03	7.8e-01	2.3e-01	-1.490	-0.647	0.647
-18.6	3.1e-03	7.8e-01	2.2e-01	-1.501	-0.652	0.652
-18.5	2.5e-03	7.8e-01	2.2e-01	-1.515	-0.658	0.658
-18.4	3.1e-03	7.9e-01	2.2e-01	-1.527	-0.663	0.663
-18.3	2.5e-03	7.9e-01	2.1e-01	-1.541	-0.669	0.669
-18.2	2.8e-03	7.9e-01	2.1e-01	-1.553	-0.674	0.674
-18.1	3.1e-03	7.9e-01	2.1e-01	-1.566	-0.68	0.680
-18.0	2.5e-03	8.0e-01	2.1e-01	-1.581	-0.687	0.687
-17.9	3.1e-03	8.0e-01	2.0e-01	-1.593	-0.692	0.692
-17.8	2.8e-03	8.0e-01	2.0e-01	-1.609	-0.699	0.699
-17.7	2.6e-03	8.1e-01	2.0e-01	-1.623	-0.705	0.705
-17.6	3.2e-03	8.1e-01	1.9e-01	-1.636	-0.711	0.711
-17.5	2.6e-03	8.1e-01	1.9e-01	-1.653	-0.718	0.718
-17.4	3.2e-03	8.1e-01	1.9e-01	-1.666	-0.724	0.724
-17.3	2.6e-03	8.2e-01	1.9e-01	-1.683	-0.731	0.731
-17.2	2.9e-03	8.2e-01	1.8e-01	-1.698	-0.737	0.737
-17.1	3.2e-03	8.2e-01	1.8e-01	-1.714	-0.744	0.744
-17.0	2.6e-03	8.3e-01	1.8e-01	-1.732	-0.752	0.752
-16.9	3.2e-03	8.3e-01	1.7e-01	-1.747	-0.759	0.759
-16.8	2.9e-03	8.3e-01	1.7e-01	-1.765	-0.767	0.767
-16.7	2.6e-03	8.3e-01	1.7e-01	-1.783	-0.774	0.774
-16.6	3.2e-03	8.4e-01	1.7e-01	-1.798	-0.781	0.781
-16.5	2.6e-03	8.4e-01	1.6e-01	-1.818	-0.79	0.790
-16.4	3.2e-03	8.4e-01	1.6e-01	-1.834	-0.797	0.797
-16.3	2.6e-03	8.5e-01	1.6e-01	-1.854	-0.805	0.805
-16.2	2.8e-03	8.5e-01	1.5e-01	-1.871	-0.812	0.812
-16.1	3.1e-03	8.5e-01	1.5e-01	-1.889	-0.821	0.821
-16.0	2.5e-03	8.5e-01	1.5e-01	-1.910	-0.829	0.829
-15.9	2.8e-03	8.6e-01	1.5e-01	-1.927	-0.837	0.837
-15.8	3.0e-03	8.6e-01	1.4e-01	-1.946	-0.845	0.845
-15.7	2.7e-03	8.6e-01	1.4e-01	-1.967	-0.854	0.854
-15.6	2.7e-03	8.7e-01	1.4e-01	-1.987	-0.863	0.863
-15.5	2.4e-03	8.7e-01	1.3e-01	-2.006	-0.871	0.871
-15.4	2.6e-03	8.7e-01	1.3e-01	-2.024	-0.879	0.879
-15.3	2.6e-03	8.7e-01	1.3e-01	-2.044	-0.888	0.888
-15.2	2.8e-03	8.8e-01	1.3e-01	-2.064	-0.896	0.896
-15.1	2.5e-03	8.8e-01	1.2e-01	-2.087	-0.906	0.906
-15.0	2.2e-03	8.8e-01	1.2e-01	-2.107	-0.915	0.915
-14.9	2.5e-03	8.8e-01	1.2e-01	-2.126	-0.923	0.923
-14.8	2.7e-03	8.9e-01	1.2e-01	-2.147	-0.932	0.932
-14.7	2.4e-03	8.9e-01	1.1e-01	-2.170	-0.942	0.942
-14.6	2.4e-03	8.9e-01	1.1e-01	-2.191	-0.952	0.952
-14.5	2.1e-03	8.9e-01	1.1e-01	-2.213	-0.961	0.961
-14.4	2.3e-03	9.0e-01	1.1e-01	-2.232	-0.969	0.969
-14.3	2.3e-03	9.0e-01	1.0e-01	-2.254	-0.979	0.979
-14.2	2.5e-03	9.0e-01	1.0e-01	-2.276	-0.989	0.989
-14.1	2.2e-03	9.0e-01	1.0e-01	-2.301	-0.999	0.999
-14.0	2.0e-03	9.0e-01	9.8e-02	-2.323	-1.009	1.009
-13.9	2.2e-03	9.1e-01	9.6e-02	-2.343	-1.018	1.018
-13.8	2.3e-03	9.1e-01	9.4e-02	-2.366	-1.028	1.028
-13.7	2.1e-03	9.1e-01	9.2e-02	-2.391	-1.038	1.038
-13.6	2.0e-03	9.1e-01	8.9e-02	-2.414	-1.048	1.048
-13.5	1.8e-03	9.1e-01	8.7e-02	-2.437	-1.058	1.058
-13.4	1.9e-03	9.2e-01	8.6e-02	-2.457	-1.067	1.067
-13.3	1.9e-03	9.2e-01	8.4e-02	-2.480	-1.077	1.077
-13.2	2.0e-03	9.2e-01	8.2e-02	-2.503	-1.087	1.087
-13.1	1.7e-03	9.2e-01	8.0e-02	-2.527	-1.098	1.098
-13.0	1.5e-03	9.2e-01	7.8e-02	-2.549	-1.107	1.107
-12.9	1.6e-03	9.3e-01	7.7e-02	-2.569	-1.116	1.116
-12.8	1.7e-03	9.3e-01	7.5e-02	-2.590	-1.125	1.125
-12.7	1.5e-03	9.3e-01	7.3e-02	-2.614	-1.135	1.135
-12.6	1.4e-03	9.3e-01	7.2e-02	-2.634	-1.144	1.144
-12.5	1.3e-03	9.3e-01	7.0e-02	-2.655	-1.153	1.153
-12.4	1.3e-03	9.3e-01	6.9e-02	-2.673	-1.161	1.161
-12.3	1.3e-03	9.3e-01	6.8e-02	-2.692	-1.169	1.169
-12.2	1.4e-03	9.3e-01	6.6e-02	-2.712	-1.178	1.178
-12.1	1.2e-03	9.4e-01	6.5e-02	-2.732	-1.187	1.187
-12.0	1.0e-03	9.4e-01	6.4e-02	-2.751	-1.195	1.195
-11.9	1.1e-03	9.4e-01	6.3e-02	-2.767	-1.202	1.202
-11.8	1.2e-03	9.4e-01	6.2e-02	-2.784	-1.209	1.209
-11.7	1.0e-03	9.4e-01	6.1e-02	-2.804	-1.218	1.218
-11.6	1.0e-03	9.4e-01	6.0e-02	-2.821	-1.225	1.225
-11.5	8.8e-04	9.4e-01	5.9e-02	-2.838	-1.232	1.232
-11.4	9.6e-04	9.4e-01	5.8e-02	-2.853	-1.239	1.239
-11.3	9.4e-04	9.4e-01	5.7e-02	-2.870	-1.246	1.246
-11.2	1.0e-03	9.5e-01	5.6e-02	-2.886	-1.254	1.254
-11.1	9.2e-04	9.5e-01	5.5e-02	-2.905	-1.262	1.262
-11.0	8.2e-04	9.5e-01	5.4e-02	-2.922	-1.269	1.269
-10.9	9.1e-04	9.5e-01	5.3e-02	-2.937	-1.276	1.276
-10.8	1.0e-03	9.5e-01	5.2e-02	-2.954	-1.283	1.283
-10.7	9.1e-04	9.5e-01	5.1e-02	-2.974	-1.292	1.292
-10.6	9.1e-04	9.5e-01	5.0e-02	-2.992	-1.299	1.299
-10.5	8.2e-04	9.5e-01	4.9e-02	-3.010	-1.307	1.307
-10.4	9.2e-04	9.5e-01	4.8e-02	-3.027	-1.315	1.315
-10.3	9.2e-04	9.5e-01	4.8e-02	-3.046	-1.323	1.323
-10.2	1.0e-03	9.5e-01	4.7e-02	-3.066	-1.331	1.331
-10.1	9.3e-04	9.6e-01	4.6e-02	-3.088	-1.341	1.341
-10.0	8.3e-04	9.6e-01	4.5e-02	-3.108	-1.35	1.350
-9.9	9.3e-04	9.6e-01	4.4e-02	-3.127	-1.358	1.358
-9.8	1.0e-03	9.6e-01	4.3e-02	-3.148	-1.367	1.367
-9.7	9.3e-04	9.6e-01	4.2e-02	-3.172	-1.378	1.378
-9.6	9.3e-04	9.6e-01	4.1e-02	-3.195	-1.388	1.388
-9.5	8.3e-04	9.6e-01	4.0e-02	-3.218	-1.397	1.397
-9.4	9.2e-04	9.6e-01	3.9e-02	-3.239	-1.407	1.407
-9.3	9.1e-04	9.6e-01	3.8e-02	-3.263	-1.417	1.417
-9.2	1.0e-03	9.6e-01	3.7e-02	-3.287	-1.427	1.427
-9.1	9.0e-04	9.6e-01	3.6e-02	-3.314	-1.439	1.439
-9.0	8.0e-04	9.7e-01	3.5e-02	-3.339	-1.45	1.450
-8.9	8.8e-04	9.7e-01	3.5e-02	-3.362	-1.46	1.460
-8.8	9.6e-04	9.7e-01	3.4e-02	-3.387	-1.471	1.471
-8.7	8.6e-04	9.7e-01	3.3e-02	-3.416	-1.484	1.484
-8.6	8.4e-04	9.7e-01	3.2e-02	-3.442	-1.495	1.495
-8.5	7.5e-04	9.7e-01	3.1e-02	-3.469	-1.507	1.507
-8.4	8.2e-04	9.7e-01	3.0e-02	-3.494	-1.517	1.517
-8.3	8.1e-04	9.7e-01	3.0e-02	-3.521	-1.529	1.529
-8.2	8.7e-04	9.7e-01	2.9e-02	-3.549	-1.541	1.541
-8.1	7.8e-04	9.7e-01	2.8e-02	-3.579	-1.555	1.555
-8.0	7.7e-04	9.7e-01	2.7e-02	-3.608	-1.567	1.567
-7.9	6.8e-04	9.7e-01	2.6e-02	-3.637	-1.579	1.579
-7.8	8.2e-04	9.8e-01	2.6e-02	-3.663	-1.591	1.591
-7.7	7.3e-04	9.8e-01	2.5e-02	-3.695	-1.605	1.605
-7.6	6.5e-04	9.8e-01	2.4e-02	-3.725	-1.618	1.618
-7.5	7.8e-04	9.8e-01	2.3e-02	-3.752	-1.63	1.630
-7.4	6.3e-04	9.8e-01	2.3e-02	-3.786	-1.644	1.644
-7.3	6.9e-04	9.8e-01	2.2e-02	-3.814	-1.657	1.657
-7.2	7.4e-04	9.8e-01	2.1e-02	-3.846	-1.67	1.670
-7.1	6.0e-04	9.8e-01	2.1e-02	-3.881	-1.686	1.686
-7.0	7.1e-04	9.8e-01	2.0e-02	-3.910	-1.698	1.698
-6.9	5.7e-04	9.8e-01	1.9e-02	-3.947	-1.714	1.714
-6.8	6.9e-04	9.8e-01	1.9e-02	-3.977	-1.727	1.727
-6.7	6.1e-04	9.8e-01	1.8e-02	-4.014	-1.743	1.743
-6.6	5.4e-04	9.8e-01	1.7e-02	-4.048	-1.758	1.758
-6.5	6.4e-04	9.8e-01	1.7e-02	-4.080	-1.772	1.772
-6.4	5.1e-04	9.8e-01	1.6e-02	-4.118	-1.788	1.788
-6.3	5.5e-04	9.8e-01	1.6e-02	-4.150	-1.802	1.802
-6.2	5.8e-04	9.9e-01	1.5e-02	-4.185	-1.818	1.818
-6.1	4.6e-04	9.9e-01	1.5e-02	-4.224	-1.835	1.835
-6.0	5.4e-04	9.9e-01	1.4e-02	-4.256	-1.848	1.848
-5.9	4.2e-04	9.9e-01	1.4e-02	-4.295	-1.865	1.865
-5.8	5.0e-04	9.9e-01	1.3e-02	-4.327	-1.879	1.879
-5.7	4.3e-04	9.9e-01	1.3e-02	-4.365	-1.896	1.896
-5.6	3.7e-04	9.9e-01	1.2e-02	-4.400	-1.911	1.911
-5.5	4.3e-04	9.9e-01	1.2e-02	-4.430	-1.924	1.924
-5.4	3.3e-04	9.9e-01	1.1e-02	-4.467	-1.94	1.940
-5.3	3.5e-04	9.9e-01	1.1e-02	-4.496	-1.953	1.953
-5.2	3.6e-04	9.9e-01	1.1e-02	-4.528	-1.966	1.966
-5.1	2.8e-04	9.9e-01	1.0e-02	-4.562	-1.981	1.981
-5.0	3.2e-04	9.9e-01	1.0e-02	-4.589	-1.993	1.993
-4.9	2.4e-04	9.9e-01	9.8e-03	-4.621	-2.007	2.007
-4.8	2.8e-04	9.9e-01	9.6e-03	-4.646	-2.018	2.018
-4.7	2.4e-04	9.9e-01	9.3e-03	-4.675	-2.031	2.031
-4.6	2.0e-04	9.9e-01	9.1e-03	-4.702	-2.042	2.042
-4.5	2.3e-04	9.9e-01	8.9e-03	-4.724	-2.052	2.052
-4.4	1.8e-04	9.9e-01	8.6e-03	-4.751	-2.063	2.063
-4.3	1.9e-04	9.9e-01	8.5e-03	-4.772	-2.072	2.072
-4.2	2.0e-04	9.9e-01	8.3e-03	-4.795	-2.082	2.082
-4.1	1.6e-04	9.9e-01	8.1e-03	-4.819	-2.093	2.093
-4.0	1.8e-04	9.9e-01	7.9e-03	-4.839	-2.101	2.101
-3.9	1.6e-04	9.9e-01	7.7e-03	-4.862	-2.112	2.112
-3.8	1.6e-04	9.9e-01	7.6e-03	-4.883	-2.121	2.121
-3.7	1.4e-04	9.9e-01	7.4e-03	-4.904	-2.13	2.130
-3.6	1.5e-04	9.9e-01	7.3e-03	-4.922	-2.138	2.138
-3.5	1.6e-04	9.9e-01	7.1e-03	-4.943	-2.147	2.147
-3.4	1.5e-04	9.9e-01	7.0e-03	-4.966	-2.157	2.157
-3.3	1.3e-04	9.9e-01	6.8e-03	-4.987	-2.166	2.166
-3.2	1.5e-04	9.9e-01	6.7e-03	-5.007	-2.174	2.174
-3.1	1.4e-04	9.9e-01	6.5e-03	-5.029	-2.184	2.184
-3.0	1.6e-04	9.9e-01	6.4e-03	-5.051	-2.194	2.194
-2.9	1.4e-04	9.9e-01	6.2e-03	-5.076	-2.205	2.205
-2.8	1.5e-04	9.9e-01	6.1e-03	-5.100	-2.215	2.215
-2.7	1.3e-04	9.9e-01	6.0e-03	-5.124	-2.225	2.225
-2.6	1.5e-04	9.9e-01	5.8e-03	-5.146	-2.235	2.235
-2.5	1.6e-04	9.9e-01	5.7e-03	-5.171	-2.246	2.246
-2.4	1.5e-04	9.9e-01	5.5e-03	-5.200	-2.258	2.258
-2.3	1.3e-04	9.9e-01	5.4e-03	-5.227	-2.27	2.270
-2.2	1.5e-04	9.9e-01	5.2e-03	-5.251	-2.281	2.281
-2.1	1.4e-04	1.0e+00	5.1e-03	-5.279	-2.293	2.293
-2.0	1.4e-04	1.0e+00	5.0e-03	-5.308	-2.305	2.305
-1.9	1.6e-04	1.0e+00	4.8e-03	-5.337	-2.318	2.318
-1.8	1.4e-04	1.0e+00	4.7e-03	-5.371	-2.332	2.332
-1.7	1.3e-04	1.0e+00	4.5e-03	-5.401	-2.346	2.346
-1.6	1.5e-04	1.0e+00	4.4e-03	-5.430	-2.358	2.358
-1.5	1.2e-04	1.0e+00	4.2e-03	-5.465	-2.374	2.374
-1.4	1.5e-04	1.0e+00	4.1e-03	-5.495	-2.386	2.386
-1.3	1.2e-04	1.0e+00	4.0e-03	-5.532	-2.402	2.402
-1.2	1.3e-04	1.0e+00	3.8e-03	-5.562	-2.416	2.416
-1.1	1.4e-04	1.0e+00	3.7e-03	-5.596	-2.43	2.430
-1.0	1.1e-04	1.0e+00	3.6e-03	-5.635	-2.447	2.447
-0.9	1.2e-04	1.0e+00	3.5e-03	-5.667	-2.461	2.461
-0.8	1.3e-04	1.0e+00	3.3e-03	-5.703	-2.477	2.477
-0.7	1.2e-04	1.0e+00	3.2e-03	-5.744	-2.494	2.494
-0.6	1.2e-04	1.0e+00	3.1e-03	-5.781	-2.511	2.511
-0.5	1.1e-04	1.0e+00	3.0e-03	-5.819	-2.527	2.527
-0.4	1.0e-04	1.0e+00	2.9e-03	-5.858	-2.544	2.544
-0.3	1.1e-04	1.0e+00	2.8e-03	-5.894	-2.56	2.560
-0.2	1.1e-04	1.0e+00	2.6e-03	-5.934	-2.577	2.577
-0.1	1.2e-04	1.0e+00	2.5e-03	-5.975	-2.595	2.595
0.0	9.2e-05	1.0e+00	2.4e-03	-6.021	-2.615	2.615
0.1	1.1e-04	1.0e+00	2.3e-03	-6.060	-2.632	2.632
0.2	9.8e-05	1.0e+00	2.2e-03	-6.108	-2.653	2.653
0.3	9.5e-05	1.0e+00	2.1e-03	-6.154	-2.672	2.672
0.4	8.4e-05	1.0e+00	2.0e-03	-6.199	-2.692	2.692
0.5	9.1e-05	1.0e+00	1.9e-03	-6.242	-2.711	2.711
0.6	8.9e-05	1.0e+00	1.9e-03	-6.290	-2.732	2.732
0.7	8.7e-05	1.0e+00	1.8e-03	-6.339	-2.753	2.753
0.8	9.3e-05	1.0e+00	1.7e-03	-6.389	-2.775	2.775
0.9	8.1e-05	1.0e+00	1.6e-03	-6.446	-2.8	2.800
1.0	7.1e-05	1.0e+00	1.5e-03	-6.499	-2.822	2.822
1.1	8.4e-05	1.0e+00	1.4e-03	-6.547	-2.843	2.843
1.2	7.3e-05	1.0e+00	1.3e-03	-6.608	-2.87	2.870
1.3	6.3e-05	1.0e+00	1.3e-03	-6.664	-2.894	2.894
1.4	7.4e-05	1.0e+00	1.2e-03	-6.715	-2.916	2.916
1.5	5.7e-05	1.0e+00	1.1e-03	-6.778	-2.944	2.944
1.6	6.7e-05	1.0e+00	1.1e-03	-6.829	-2.966	2.966
1.7	5.1e-05	1.0e+00	1.0e-03	-6.892	-2.993	2.993
1.8	5.3e-05	1.0e+00	9.6e-04	-6.944	-3.016	3.016
1.9	5.5e-05	1.0e+00	9.1e-04	-7.001	-3.04	3.040
2.0	4.6e-05	1.0e+00	8.6e-04	-7.063	-3.067	3.067
2.1	4.3e-05	1.0e+00	8.1e-04	-7.119	-3.092	3.092
2.2	4.0e-05	1.0e+00	7.7e-04	-7.173	-3.115	3.115
2.3	3.3e-05	1.0e+00	7.3e-04	-7.226	-3.138	3.138
2.4	3.4e-05	1.0e+00	6.9e-04	-7.272	-3.158	3.158
2.5	3.4e-05	1.0e+00	6.6e-04	-7.322	-3.18	3.180
2.6	2.8e-05	1.0e+00	6.3e-04	-7.374	-3.203	3.203
2.7	2.3e-05	1.0e+00	6.0e-04	-7.420	-3.223	3.223
2.8	2.4e-05	1.0e+00	5.8e-04	-7.460	-3.24	3.240
2.9	2.1e-05	1.0e+00	5.5e-04	-7.501	-3.258	3.258
3.0	2.1e-05	1.0e+00	5.3e-04	-7.541	-3.275	3.275
3.1	1.8e-05	1.0e+00	5.1e-04	-7.581	-3.293	3.293
3.2	1.6e-05	1.0e+00	4.9e-04	-7.617	-3.308	3.308
3.3	1.3e-05	1.0e+00	4.8e-04	-7.650	-3.322	3.322
3.4	1.3e-05	1.0e+00	4.6e-04	-7.678	-3.334	3.334
3.5	1.4e-05	1.0e+00	4.5e-04	-7.707	-3.347	3.347
3.6	1.2e-05	1.0e+00	4.4e-04	-7.739	-3.361	3.361
3.7	1.0e-05	1.0e+00	4.2e-04	-7.766	-3.373	3.373
3.8	1.0e-05	1.0e+00	4.1e-04	-7.790	-3.383	3.383
3.9	1.0e-05	1.0e+00	4.0e-04	-7.815	-3.394	3.394
4.0	1.1e-05	1.0e+00	3.9e-04	-7.841	-3.405	3.405
4.1	8.7e-06	1.0e+00	3.8e-04	-7.868	-3.417	3.417
4.2	1.0e-05	1.0e+00	3.7e-04	-7.891	-3.427	3.427
4.3	9.3e-06	1.0e+00	3.6e-04	-7.920	-3.439	3.439
4.4	8.1e-06	1.0e+00	3.5e-04	-7.946	-3.451	3.451
4.5	1.0e-05	1.0e+00	3.5e-04	-7.969	-3.461	3.461
4.6	8.3e-06	1.0e+00	3.4e-04	-7.998	-3.474	3.474
4.7	9.2e-06	1.0e+00	3.3e-04	-8.023	-3.485	3.485
4.8	9.8e-06	1.0e+00	3.2e-04	-8.052	-3.497	3.497
4.9	8.2e-06	1.0e+00	3.1e-04	-8.083	-3.51	3.510
5.0	9.8e-06	1.0e+00	3.0e-04	-8.110	-3.522	3.522
5.1	8.3e-06	1.0e+00	2.9e-04	-8.143	-3.537	3.537
5.2	1.0e-05	1.0e+00	2.8e-04	-8.172	-3.549	3.549
5.3	9.0e-06	1.0e+00	2.7e-04	-8.208	-3.565	3.565
5.4	7.9e-06	1.0e+00	2.6e-04	-8.242	-3.579	3.579
5.5	9.7e-06	1.0e+00	2.6e-04	-8.272	-3.593	3.593
5.6	8.0e-06	1.0e+00	2.5e-04	-8.311	-3.609	3.609
5.7	8.8e-06	1.0e+00	2.4e-04	-8.344	-3.624	3.624
5.8	9.5e-06	1.0e+00	2.3e-04	-8.382	-3.64	3.640
5.9	7.5e-06	1.0e+00	2.2e-04	-8.424	-3.658	3.658
6.0	9.2e-06	1.0e+00	2.1e-04	-8.459	-3.674	3.674
6.1	7.3e-06	1.0e+00	2.0e-04	-8.503	-3.693	3.693
6.2	8.9e-06	1.0e+00	2.0e-04	-8.540	-3.709	3.709
6.3	7.9e-06	1.0e+00	1.9e-04	-8.586	-3.729	3.729
6.4	7.0e-06	1.0e+00	1.8e-04	-8.629	-3.748	3.748
6.5	8.1e-06	1.0e+00	1.7e-04	-8.669	-3.765	3.765
6.6	6.7e-06	1.0e+00	1.6e-04	-8.718	-3.786	3.786
6.7	7.1e-06	1.0e+00	1.6e-04	-8.759	-3.804	3.804
6.8	7.8e-06	1.0e+00	1.5e-04	-8.806	-3.824	3.824
6.9	6.1e-06	1.0e+00	1.4e-04	-8.859	-3.847	3.847
7.0	7.3e-06	1.0e+00	1.4e-04	-8.903	-3.866	3.866
7.1	5.9e-06	1.0e+00	1.3e-04	-8.958	-3.89	3.890
7.2	7.1e-06	1.0e+00	1.2e-04	-9.005	-3.911	3.911
7.3	6.2e-06	1.0e+00	1.2e-04	-9.064	-3.937	3.937
7.4	5.5e-06	1.0e+00	1.1e-04	-9.119	-3.96	3.960
7.5	6.5e-06	1.0e+00	1.0e-04	-9.171	-3.983	3.983
7.6	5.3e-06	1.0e+00	9.8e-05	-9.235	-4.011	4.011
7.7	5.6e-06	1.0e+00	9.2e-05	-9.290	-4.035	4.035
7.8	6.0e-06	1.0e+00	8.7e-05	-9.353	-4.062	4.062
7.9	4.8e-06	1.0e+00	8.1e-05	-9.424	-4.093	4.093
8.0	5.2e-06	1.0e+00	7.6e-05	-9.486	-4.12	4.120
8.1	4.9e-06	1.0e+00	7.1e-05	-9.557	-4.15	4.150
8.2	5.4e-06	1.0e+00	6.6e-05	-9.629	-4.182	4.182
8.3	4.7e-06	1.0e+00	6.0e-05	-9.714	-4.219	4.219
8.4	4.5e-06	1.0e+00	5.6e-05	-9.796	-4.254	4.254
8.5	4.0e-06	1.0e+00	5.1e-05	-9.880	-4.291	4.291
8.6	4.1e-06	1.0e+00	4.7e-05	-9.961	-4.326	4.326
8.7	3.9e-06	1.0e+00	4.3e-05	-10.053	-4.366	4.366
8.8	4.1e-06	1.0e+00	3.9e-05	-10.149	-4.408	4.408
8.9	3.5e-06	1.0e+00	3.5e-05	-10.261	-4.456	4.456
9.0	2.9e-06	1.0e+00	3.1e-05	-10.367	-4.502	4.502
9.1	3.2e-06	1.0e+00	2.9e-05	-10.465	-4.545	4.545
9.2	3.1e-06	1.0e+00	2.5e-05	-10.582	-4.596	4.596
9.3	2.6e-06	1.0e+00	2.2e-05	-10.712	-4.652	4.652
9.4	2.5e-06	1.0e+00	2.0e-05	-10.838	-4.707	4.707
9.5	1.9e-06	1.0e+00	1.7e-05	-10.972	-4.765	4.765
9.6	2.0e-06	1.0e+00	1.5e-05	-11.092	-4.817	4.817
9.7	1.9e-06	1.0e+00	1.3e-05	-11.233	-4.879	4.879
9.8	1.8e-06	1.0e+00	1.1e-05	-11.387	-4.945	4.945
9.9	1.4e-06	1.0e+00	9.6e-06	-11.557	-5.019	5.019
10.0	1.2e-06	1.0e+00	8.1e-06	-11.721	-5.09	5.090
10.1	1.1e-06	1.0e+00	6.9e-06	-11.884	-5.161	5.161
10.2	1.0e-06	1.0e+00	5.8e-06	-12.056	-5.236	5.236
10.3	9.0e-07	1.0e+00	4.8e-06	-12.254	-5.322	5.322
10.4	7.1e-07	1.0e+00	3.9e-06	-12.464	-5.413	5.413
10.5	5.3e-07	1.0e+00	3.2e-06	-12.665	-5.5	5.500
10.6	5.3e-07	1.0e+00	2.6e-06	-12.850	-5.581	5.581
10.7	4.3e-07	1.0e+00	2.1e-06	-13.074	-5.678	5.678
10.8	3.9e-07	1.0e+00	1.7e-06	-13.304	-5.778	5.778
10.9	2.9e-07	1.0e+00	1.3e-06	-13.566	-5.892	5.892
11.0	2.0e-07	1.0e+00	9.9e-07	-13.826	-6.005	6.005
11.1	1.8e-07	1.0e+00	7.9e-07	-14.055	-6.104	6.104
11.2	1.6e-07	1.0e+00	6.0e-07	-14.319	-6.219	6.219
11.3	1.2e-07	1.0e+00	4.5e-07	-14.624	-6.351	6.351
11.4	8.5e-08	1.0e+00	3.3e-07	-14.929	-6.484	6.484
11.5	5.9e-08	1.0e+00	2.4e-07	-15.229	-6.614	6.614
11.6	5.1e-08	1.0e+00	1.8e-07	-15.509	-6.735	6.735
11.7	4.1e-08	1.0e+00	1.3e-07	-15.832	-6.876	6.876
11.8	2.8e-08	1.0e+00	9.2e-08	-16.203	-7.037	7.037
11.9	2.0e-08	1.0e+00	6.4e-08	-16.563	-7.193	7.193
12.0	1.5e-08	1.0e+00	4.4e-08	-16.941	-7.357	7.357
12.1	8.7e-09	1.0e+00	2.9e-08	-17.363	-7.541	7.541
12.2	7.6e-09	1.0e+00	2.0e-08	-17.721	-7.696	7.696
12.3	4.9e-09	1.0e+00	1.3e-08	-18.195	-7.902	7.902
12.4	2.4e-09	1.0e+00	7.6e-09	-18.696	-8.12	8.120
12.5	1.8e-09	1.0e+00	5.2e-09	-19.067	-8.28	8.280
12.6	2.0e-09	1.0e+00	3.5e-09	-19.475	-8.458	8.458
12.7	3.3e-10	1.0e+00	1.5e-09	-20.325	-8.827	8.827
12.8	4.6e-10	1.0e+00	1.2e-09	-20.571	-8.934	8.934
12.9	3.2e-10	1.0e+00	7.1e-10	-21.070	-9.151	9.151
13.0	1.7e-10	1.0e+00	3.8e-10	-21.682	-9.416	9.416
13.1	1.2e-10	1.0e+00	2.1e-10	-22.265	-9.67	9.670
13.2	5.1e-11	1.0e+00	9.1e-11	-23.125	-10.043	10.043
13.3	NA	1.0e+00	3.9e-11	-23.955	-10.404	10.404
13.4	3.9e-11	1.0e+00	3.9e-11	-23.955	-10.404	10.404
13.5	3.9e-11	1.0e+00	3.9e-11	-23.955	-10.404	10.404
; Host name	rsat
; Job started	2014-09-06.002006
; Job done	2014-09-06.002008
; Seconds	2.07
;	user	2.07
;	system	0.02
;	cuser	0
;	csystem	0
