#score	occ	co	cco	dCDF
-48.9	1	1	20796873	1
-48.8	3	4	20796870	1
-48.7	4	8	20796866	1
-48.6	5	13	20796861	0.999999
-48.5	8	21	20796853	0.999999
-48.4	19	40	20796834	0.999998
-48.3	32	72	20796802	0.999997
-48.2	40	112	20796762	0.999995
-48.1	64	176	20796698	0.999992
-48	101	277	20796597	0.999987
-47.9	121	398	20796476	0.999981
-47.8	146	544	20796330	0.999974
-47.7	249	793	20796081	0.999962
-47.6	278	1071	20795803	0.999949
-47.5	319	1390	20795484	0.999933
-47.4	354	1744	20795130	0.999916
-47.3	458	2202	20794672	0.999894
-47.2	521	2723	20794151	0.999869
-47.1	677	3400	20793474	0.999837
-47	734	4134	20792740	0.999801
-46.9	881	5015	20791859	0.999759
-46.8	917	5932	20790942	0.999715
-46.7	1079	7011	20789863	0.999663
-46.6	1249	8260	20788614	0.999603
-46.5	1275	9535	20787339	0.999542
-46.4	1489	11024	20785850	0.99947
-46.3	1677	12701	20784173	0.999389
-46.2	1863	14564	20782310	0.9993
-46.1	2057	16621	20780253	0.999201
-46	2177	18798	20778076	0.999096
-45.9	2512	21310	20775564	0.998975
-45.8	2779	24089	20772785	0.998842
-45.7	2947	27036	20769838	0.9987
-45.6	3308	30344	20766530	0.998541
-45.5	3296	33640	20763234	0.998382
-45.4	3676	37316	20759558	0.998206
-45.3	4017	41333	20755541	0.998013
-45.2	4315	45648	20751226	0.997805
-45.1	4623	50271	20746603	0.997583
-45	4748	55019	20741855	0.997354
-44.9	4990	60009	20736865	0.997115
-44.8	5417	65426	20731448	0.996854
-44.7	5614	71040	20725834	0.996584
-44.6	6054	77094	20719780	0.996293
-44.5	6354	83448	20713426	0.995987
-44.4	6647	90095	20706779	0.995668
-44.3	6866	96961	20699913	0.995338
-44.2	7287	104248	20692626	0.994987
-44.1	7447	111695	20685179	0.994629
-44	7839	119534	20677340	0.994252
-43.9	8137	127671	20669203	0.993861
-43.8	8528	136199	20660675	0.993451
-43.7	8840	145039	20651835	0.993026
-43.6	8939	153978	20642896	0.992596
-43.5	9165	163143	20633731	0.992155
-43.4	9492	172635	20624239	0.991699
-43.3	10143	182778	20614096	0.991211
-43.2	10160	192938	20603936	0.990723
-43.1	10499	203437	20593437	0.990218
-43	10896	214333	20582541	0.989694
-42.9	10529	224862	20572012	0.989188
-42.8	11281	236143	20560731	0.988645
-42.7	11285	247428	20549446	0.988103
-42.6	11369	258797	20538077	0.987556
-42.5	11615	270412	20526462	0.986997
-42.4	11925	282337	20514537	0.986424
-42.3	11930	294267	20502607	0.98585
-42.2	12155	306422	20490452	0.985266
-42.1	12357	318779	20478095	0.984672
-42	12592	331371	20465503	0.984066
-41.9	12403	343774	20453100	0.98347
-41.8	12630	356404	20440470	0.982863
-41.7	12600	369004	20427870	0.982257
-41.6	12847	381851	20415023	0.981639
-41.5	12892	394743	20402131	0.981019
-41.4	13205	407948	20388926	0.980384
-41.3	13454	421402	20375472	0.979737
-41.2	13399	434801	20362073	0.979093
-41.1	13481	448282	20348592	0.978445
-41	13734	462016	20334858	0.977784
-40.9	14077	476093	20320781	0.977107
-40.8	14258	490351	20306523	0.976422
-40.7	14609	504960	20291914	0.975719
-40.6	15078	520038	20276836	0.974994
-40.5	15212	535250	20261624	0.974263
-40.4	15493	550743	20246131	0.973518
-40.3	15772	566515	20230359	0.97276
-40.2	16825	583340	20213534	0.971951
-40.1	17039	600379	20196495	0.971131
-40	17437	617816	20179058	0.970293
-39.9	18187	636003	20160871	0.969418
-39.8	18537	654540	20142334	0.968527
-39.7	19764	674304	20122570	0.967577
-39.6	19852	694156	20102718	0.966622
-39.5	20680	714836	20082038	0.965628
-39.4	21335	736171	20060703	0.964602
-39.3	21745	757916	20038958	0.963556
-39.2	22594	780510	20016364	0.96247
-39.1	23621	804131	19992743	0.961334
-39	24222	828353	19968521	0.960169
-38.9	25477	853830	19943044	0.958944
-38.8	26295	880125	19916749	0.95768
-38.7	26939	907064	19889810	0.956385
-38.6	28316	935380	19861494	0.955023
-38.5	28490	963870	19833004	0.953653
-38.4	29259	993129	19803745	0.952246
-38.3	30300	1023429	19773445	0.950789
-38.2	31242	1054671	19742203	0.949287
-38.1	32053	1086724	19710150	0.947746
-38	32975	1119699	19677175	0.94616
-37.9	34650	1154349	19642525	0.944494
-37.8	34681	1189030	19607844	0.942827
-37.7	35062	1224092	19572782	0.941141
-37.6	36060	1260152	19536722	0.939407
-37.5	36968	1297120	19499754	0.937629
-37.4	37695	1334815	19462059	0.935817
-37.3	38414	1373229	19423645	0.933969
-37.2	39409	1412638	19384236	0.932075
-37.1	40396	1453034	19343840	0.930132
-37	41810	1494844	19302030	0.928122
-36.9	41954	1536798	19260076	0.926104
-36.8	42793	1579591	19217283	0.924047
-36.7	43857	1623448	19173426	0.921938
-36.6	45262	1668710	19128164	0.919761
-36.5	45643	1714353	19082521	0.917567
-36.4	46368	1760721	19036153	0.915337
-36.3	46749	1807470	18989404	0.913089
-36.2	47840	1855310	18941564	0.910789
-36.1	48529	1903839	18893035	0.908456
-36	49334	1953173	18843701	0.906083
-35.9	49693	2002866	18794008	0.903694
-35.8	50323	2053189	18743685	0.901274
-35.7	50724	2103913	18692961	0.898835
-35.6	51494	2155407	18641467	0.896359
-35.5	51374	2206781	18590093	0.893889
-35.4	52169	2258950	18537924	0.89138
-35.3	52530	2311480	18485394	0.888854
-35.2	52528	2364008	18432866	0.886329
-35.1	52709	2416717	18380157	0.883794
-35	53288	2470005	18326869	0.881232
-34.9	52721	2522726	18274148	0.878697
-34.8	52708	2575434	18221440	0.876162
-34.7	53218	2628652	18168222	0.873604
-34.6	53636	2682288	18114586	0.871024
-34.5	53350	2735638	18061236	0.868459
-34.4	52817	2788455	18008419	0.86592
-34.3	52830	2841285	17955589	0.863379
-34.2	52887	2894172	17902702	0.860836
-34.1	53126	2947298	17849576	0.858282
-34	53731	3001029	17795845	0.855698
-33.9	53432	3054461	17742413	0.853129
-33.8	54275	3108736	17688138	0.850519
-33.7	54216	3162952	17633922	0.847912
-33.6	54318	3217270	17579604	0.8453
-33.5	73566	3290836	17506038	0.841763
-33.4	54965	3345801	17451073	0.83912
-33.3	56503	3402304	17394570	0.836403
-33.2	56967	3459271	17337603	0.833664
-33.1	57919	3517190	17279684	0.830879
-33	58460	3575650	17221224	0.828068
-32.9	59466	3635116	17161758	0.825209
-32.8	60612	3695728	17101146	0.822294
-32.7	61409	3757137	17039737	0.819341
-32.6	63139	3820276	16976598	0.816305
-32.5	63945	3884221	16912653	0.813231
-32.4	64792	3949013	16847861	0.810115
-32.3	66258	4015271	16781603	0.806929
-32.2	67501	4082772	16714102	0.803683
-32.1	68370	4151142	16645732	0.800396
-32	69844	4220986	16575888	0.797037
-31.9	70746	4291732	16505142	0.793636
-31.8	71873	4363605	16433269	0.79018
-31.7	73351	4436956	16359918	0.786653
-31.6	74435	4511391	16285483	0.783074
-31.5	75634	4587025	16209849	0.779437
-31.4	77441	4664466	16132408	0.775713
-31.3	77331	4741797	16055077	0.771995
-31.2	78646	4820443	15976431	0.768213
-31.1	79612	4900055	15896819	0.764385
-31	80579	4980634	15816240	0.76051
-30.9	81436	5062070	15734804	0.756595
-30.8	82354	5144424	15652450	0.752635
-30.7	83132	5227556	15569318	0.748637
-30.6	83201	5310757	15486117	0.744637
-30.5	84596	5395353	15401521	0.740569
-30.4	85042	5480395	15316479	0.73648
-30.3	87651	5568046	15228828	0.732265
-30.2	86487	5654533	15142341	0.728107
-30.1	87542	5742075	15054799	0.723897
-30	87616	5829691	14967183	0.719684
-29.9	88674	5918365	14878509	0.71542
-29.8	89544	6007909	14788965	0.711115
-29.7	90167	6098076	14698798	0.706779
-29.6	90009	6188085	14608789	0.702451
-29.5	91153	6279238	14517636	0.698068
-29.4	91810	6371048	14425826	0.693654
-29.3	92451	6463499	14333375	0.689208
-29.2	94601	6558100	14238774	0.684659
-29.1	93981	6652081	14144793	0.68014
-29	93942	6746023	14050851	0.675623
-28.9	94676	6840699	13956175	0.671071
-28.8	95000	6935699	13861175	0.666503
-28.7	95487	7031186	13765688	0.661911
-28.6	95704	7126890	13669984	0.65731
-28.5	95637	7222527	13574347	0.652711
-28.4	95120	7317647	13479227	0.648137
-28.3	95648	7413295	13383579	0.643538
-28.2	94534	7507829	13289045	0.638992
-28.1	94568	7602397	13194477	0.634445
-28	94086	7696483	13100391	0.629921
-27.9	93352	7789835	13007039	0.625432
-27.8	93393	7883228	12913646	0.620942
-27.7	92543	7975771	12821103	0.616492
-27.6	91973	8067744	12729130	0.612069
-27.5	90424	8158168	12638706	0.607721
-27.4	89322	8247490	12549384	0.603426
-27.3	89216	8336706	12460168	0.599137
-27.2	88149	8424855	12372019	0.594898
-27.1	86426	8511281	12285593	0.590742
-27	86570	8597851	12199023	0.58658
-26.9	85167	8683018	12113856	0.582484
-26.8	84037	8767055	12029819	0.578444
-26.7	83650	8850705	11946169	0.574421
-26.6	82481	8933186	11863688	0.570455
-26.5	82735	9015921	11780953	0.566477
-26.4	84083	9100004	11696870	0.562434
-26.3	81366	9181370	11615504	0.558522
-26.2	81716	9263086	11533788	0.554592
-26.1	81769	9344855	11452019	0.550661
-26	81761	9426616	11370258	0.546729
-25.9	81875	9508491	11288383	0.542792
-25.8	81689	9590180	11206694	0.538864
-25.7	82522	9672702	11124172	0.534896
-25.6	84039	9756741	11040133	0.530855
-25.5	84070	9840811	10956063	0.526813
-25.4	85459	9926270	10870604	0.522704
-25.3	85630	10011900	10784974	0.518586
-25.2	87109	10099009	10697865	0.514398
-25.1	87772	10186781	10610093	0.510177
-25	88878	10275659	10521215	0.505904
-24.9	90196	10365855	10431019	0.501567
-24.8	91644	10457499	10339375	0.49716
-24.7	92849	10550348	10246526	0.492695
-24.6	93146	10643494	10153380	0.488217
-24.5	95796	10739290	10057584	0.48361
-24.4	95166	10834456	9962418	0.479034
-24.3	95595	10930051	9866823	0.474438
-24.2	96709	11026760	9770114	0.469788
-24.1	96888	11123648	9673226	0.465129
-24	97773	11221421	9575453	0.460428
-23.9	98079	11319500	9477374	0.455711
-23.8	98339	11417839	9379035	0.450983
-23.7	99099	11516938	9279936	0.446218
-23.6	99285	11616223	9180651	0.441444
-23.5	99181	11715404	9081470	0.436675
-23.4	99396	11814800	8982074	0.431895
-23.3	98981	11913781	8883093	0.427136
-23.2	98799	12012580	8784294	0.422385
-23.1	99207	12111787	8685087	0.417615
-23	98262	12210049	8586825	0.41289
-22.9	99043	12309092	8487782	0.408128
-22.8	98200	12407292	8389582	0.403406
-22.7	97967	12505259	8291615	0.398695
-22.6	98113	12603372	8193502	0.393978
-22.5	97049	12700421	8096453	0.389311
-22.4	97523	12797944	7998930	0.384622
-22.3	97701	12895645	7901229	0.379924
-22.2	97597	12993242	7803632	0.375231
-22.1	97552	13090794	7706080	0.37054
-22	97298	13188092	7608782	0.365862
-21.9	96891	13284983	7511891	0.361203
-21.8	96858	13381841	7415033	0.356546
-21.7	96204	13478045	7318829	0.35192
-21.6	95651	13573696	7223178	0.34732
-21.5	96040	13669736	7127138	0.342702
-21.4	94709	13764445	7032429	0.338148
-21.3	94559	13859004	6937870	0.333602
-21.2	93614	13952618	6844256	0.3291
-21.1	92271	14044889	6751985	0.324663
-21	91302	14136191	6660683	0.320273
-20.9	89161	14225352	6571522	0.315986
-20.8	88044	14313396	6483478	0.311753
-20.7	86970	14400366	6396508	0.307571
-20.6	85257	14485623	6311251	0.303471
-20.5	83448	14569071	6227803	0.299459
-20.4	82290	14651361	6145513	0.295502
-20.3	80542	14731903	6064971	0.291629
-20.2	77902	14809805	5987069	0.287883
-20.1	76312	14886117	5910757	0.284214
-20	73849	14959966	5836908	0.280663
-19.9	71805	15031771	5765103	0.27721
-19.8	69969	15101740	5695134	0.273846
-19.7	68516	15170256	5626618	0.270551
-19.6	66660	15236916	5559958	0.267346
-19.5	65027	15301943	5494931	0.264219
-19.4	63006	15364949	5431925	0.261189
-19.3	61543	15426492	5370382	0.25823
-19.2	60153	15486645	5310229	0.255338
-19.1	59764	15546409	5250465	0.252464
-19	59108	15605517	5191357	0.249622
-18.9	58150	15663667	5133207	0.246826
-18.8	56573	15720240	5076634	0.244106
-18.7	56228	15776468	5020406	0.241402
-18.6	56331	15832799	4964075	0.238693
-18.5	56047	15888846	4908028	0.235998
-18.4	55363	15944209	4852665	0.233336
-18.3	56257	16000466	4796408	0.230631
-18.2	55771	16056237	4740637	0.227949
-18.1	56539	16112776	4684098	0.225231
-18	56988	16169764	4627110	0.222491
-17.9	57447	16227211	4569663	0.219728
-17.8	57951	16285162	4511712	0.216942
-17.7	58199	16343361	4453513	0.214143
-17.6	59516	16402877	4393997	0.211282
-17.5	59855	16462732	4334142	0.208404
-17.4	61015	16523747	4273127	0.20547
-17.3	60851	16584598	4212276	0.202544
-17.2	61318	16645916	4150958	0.199595
-17.1	61841	16707757	4089117	0.196622
-17	62338	16770095	4026779	0.193624
-16.9	62876	16832971	3963903	0.190601
-16.8	63805	16896776	3900098	0.187533
-16.7	62411	16959187	3837687	0.184532
-16.6	62902	17022089	3774785	0.181507
-16.5	62795	17084884	3711990	0.178488
-16.4	62485	17147369	3649505	0.175483
-16.3	61946	17209315	3587559	0.172505
-16.2	61551	17270866	3526008	0.169545
-16.1	61686	17332552	3464322	0.166579
-16	61348	17393900	3402974	0.163629
-15.9	60833	17454733	3342141	0.160704
-15.8	60385	17515118	3281756	0.1578
-15.7	60406	17575524	3221350	0.154896
-15.6	59565	17635089	3161785	0.152032
-15.5	58830	17693919	3102955	0.149203
-15.4	58377	17752296	3044578	0.146396
-15.3	58174	17810470	2986404	0.143599
-15.2	56774	17867244	2929630	0.140869
-15.1	57181	17924425	2872449	0.138119
-15	56235	17980660	2816214	0.135415
-14.9	55882	18036542	2760332	0.132728
-14.8	55667	18092209	2704665	0.130052
-14.7	54781	18146990	2649884	0.127417
-14.6	54836	18201826	2595048	0.124781
-14.5	54166	18255992	2540882	0.122176
-14.4	53700	18309692	2487182	0.119594
-14.3	53620	18363312	2433562	0.117016
-14.2	53332	18416644	2380230	0.114451
-14.1	53116	18469760	2327114	0.111897
-14	51481	18521241	2275633	0.109422
-13.9	50988	18572229	2224645	0.10697
-13.8	50790	18623019	2173855	0.104528
-13.7	50041	18673060	2123814	0.102122
-13.6	48356	18721416	2075458	0.0997966
-13.5	46446	18767862	2029012	0.0975633
-13.4	63775	18831637	1965237	0.0944967
-13.3	44367	18876004	1920870	0.0923634
-13.2	42300	18918304	1878570	0.0903294
-13.1	42128	18960432	1836442	0.0883038
-13	39901	19000333	1796541	0.0863851
-12.9	37985	19038318	1758556	0.0845587
-12.8	36479	19074797	1722077	0.0828046
-12.7	34920	19109717	1687157	0.0811255
-12.6	33641	19143358	1653516	0.0795079
-12.5	31731	19175089	1621785	0.0779822
-12.4	30941	19206030	1590844	0.0764944
-12.3	29437	19235467	1561407	0.0750789
-12.2	27799	19263266	1533608	0.0737422
-12.1	26725	19289991	1506883	0.0724572
-12	25669	19315660	1481214	0.0712229
-11.9	24734	19340394	1456480	0.0700336
-11.8	24158	19364552	1432322	0.068872
-11.7	22880	19387432	1409442	0.0677718
-11.6	22066	19409498	1387376	0.0667108
-11.5	21379	19430877	1365997	0.0656828
-11.4	21063	19451940	1344934	0.06467
-11.3	20942	19472882	1323992	0.063663
-11.2	20512	19493394	1303480	0.0626767
-11.1	19940	19513334	1283540	0.0617179
-11	19865	19533199	1263675	0.0607627
-10.9	19526	19552725	1244149	0.0598238
-10.8	19908	19572633	1224241	0.0588666
-10.7	19584	19592217	1204657	0.0579249
-10.6	19127	19611344	1185530	0.0570052
-10.5	19811	19631155	1165719	0.0560526
-10.4	19541	19650696	1146178	0.055113
-10.3	20142	19670838	1126036	0.0541445
-10.2	20172	19691010	1105864	0.0531745
-10.1	20366	19711376	1085498	0.0521952
-10	20332	19731708	1065166	0.0512176
-9.9	20797	19752505	1044369	0.0502176
-9.8	20912	19773417	1023457	0.0492121
-9.7	21003	19794420	1002454	0.0482021
-9.6	21131	19815551	981323	0.0471861
-9.5	21303	19836854	960020	0.0461617
-9.4	21094	19857948	938926	0.0451475
-9.3	20843	19878791	918083	0.0441452
-9.2	20992	19899783	897091	0.0431359
-9.1	21089	19920872	876002	0.0421218
-9	20818	19941690	855184	0.0411208
-8.9	20706	19962396	834478	0.0401252
-8.8	20457	19982853	814021	0.0391415
-8.7	20144	20002997	793877	0.0381729
-8.6	20108	20023105	773769	0.037206
-8.5	19772	20042877	753997	0.0362553
-8.4	19431	20062308	734566	0.035321
-8.3	19622	20081930	714944	0.0343775
-8.2	18867	20100797	696077	0.0334703
-8.1	18769	20119566	677308	0.0325678
-8	18732	20138298	658576	0.0316671
-7.9	18083	20156381	640493	0.0307976
-7.8	17721	20174102	622772	0.0299455
-7.7	17615	20191717	605157	0.0290985
-7.6	17185	20208902	587972	0.0282721
-7.5	17209	20226111	570763	0.0274447
-7.4	16513	20242624	554250	0.0266506
-7.3	16530	20259154	537720	0.0258558
-7.2	16078	20275232	521642	0.0250827
-7.1	16053	20291285	505589	0.0243108
-7	16151	20307436	489438	0.0235342
-6.9	15763	20323199	473675	0.0227763
-6.8	15712	20338911	457963	0.0220208
-6.7	15319	20354230	442644	0.0212842
-6.6	15004	20369234	427640	0.0205627
-6.5	15125	20384359	412515	0.0198354
-6.4	14292	20398651	398223	0.0191482
-6.3	13805	20412456	384418	0.0184844
-6.2	13308	20425764	371110	0.0178445
-6.1	13087	20438851	358023	0.0172152
-6	12618	20451469	345405	0.0166085
-5.9	12299	20463768	333106	0.0160171
-5.8	11904	20475672	321202	0.0154447
-5.7	11238	20486910	309964	0.0149044
-5.6	10646	20497556	299318	0.0143925
-5.5	9963	20507519	289355	0.0139134
-5.4	9659	20517178	279696	0.0134489
-5.3	9066	20526244	270630	0.013013
-5.2	8497	20534741	262133	0.0126044
-5.1	7834	20542575	254299	0.0122278
-5	7381	20549956	246918	0.0118728
-4.9	6857	20556813	240061	0.0115431
-4.8	6893	20563706	233168	0.0112117
-4.7	6056	20569762	227112	0.0109205
-4.6	5846	20575608	221266	0.0106394
-4.5	5372	20580980	215894	0.0103811
-4.4	4908	20585888	210986	0.0101451
-4.3	4771	20590659	206215	0.00991567
-4.2	4515	20595174	201700	0.00969857
-4.1	4257	20599431	197443	0.00949388
-4	4204	20603635	193239	0.00929173
-3.9	4140	20607775	189099	0.00909266
-3.8	3858	20611633	185241	0.00890716
-3.7	3712	20615345	181529	0.00872867
-3.6	3758	20619103	177771	0.00854797
-3.5	3548	20622651	174223	0.00837736
-3.4	3567	20626218	170656	0.00820585
-3.3	3410	20629628	167246	0.00804188
-3.2	3392	20633020	163854	0.00787878
-3.1	3498	20636518	160356	0.00771058
-3	3641	20640159	156715	0.00753551
-2.9	3494	20643653	153221	0.0073675
-2.8	3482	20647135	149739	0.00720007
-2.7	3519	20650654	146220	0.00703086
-2.6	3541	20654195	142679	0.0068606
-2.5	3415	20657610	139264	0.00669639
-2.4	3501	20661111	135763	0.00652805
-2.3	3344	20664455	132419	0.00636726
-2.2	3530	20667985	128889	0.00619752
-2.1	3702	20671687	125187	0.00601951
-2	3584	20675271	121603	0.00584718
-1.9	3540	20678811	118063	0.00567696
-1.8	3602	20682413	114461	0.00550376
-1.7	3552	20685965	110909	0.00533296
-1.6	3310	20689275	107599	0.00517381
-1.5	3403	20692678	104196	0.00501018
-1.4	3279	20695957	100917	0.00485251
-1.3	3293	20699250	97624	0.00469417
-1.2	3267	20702517	94357	0.00453708
-1.1	3106	20705623	91251	0.00438773
-1	3144	20708767	88107	0.00423655
-0.9	3040	20711807	85067	0.00409037
-0.8	3110	20714917	81957	0.00394083
-0.7	2971	20717888	78986	0.00379797
-0.6	2907	20720795	76079	0.00365819
-0.5	2807	20723602	73272	0.00352322
-0.4	2746	20726348	70526	0.00339118
-0.3	2679	20729027	67847	0.00326237
-0.2	2606	20731633	65241	0.00313706
-0.1	2589	20734222	62652	0.00301257
0	2575	20736797	60077	0.00288875
0.1	2455	20739252	57622	0.0027707
0.2	2449	20741701	55173	0.00265295
0.3	2395	20744096	52778	0.00253779
0.4	2323	20746419	50455	0.00242609
0.5	2262	20748681	48193	0.00231732
0.6	2247	20750928	45946	0.00220927
0.7	2206	20753134	43740	0.0021032
0.8	2096	20755230	41644	0.00200242
0.9	2109	20757339	39535	0.00190101
1	2052	20759391	37483	0.00180234
1.1	2015	20761406	35468	0.00170545
1.2	1924	20763330	33544	0.00161293
1.3	1791	20765121	31753	0.00152682
1.4	1780	20766901	29973	0.00144123
1.5	1633	20768534	28340	0.0013627
1.6	1572	20770106	26768	0.00128712
1.7	1486	20771592	25282	0.00121566
1.8	1398	20772990	23884	0.00114844
1.9	1307	20774297	22577	0.0010856
2	1270	20775567	21307	0.00102453
2.1	1154	20776721	20153	0.00096904
2.2	1114	20777835	19039	0.000915474
2.3	1056	20778891	17983	0.000864697
2.4	883	20779774	17100	0.000822239
2.5	870	20780644	16230	0.000780406
2.6	728	20781372	15502	0.0007454
2.7	727	20782099	14775	0.000710443
2.8	640	20782739	14135	0.000679669
2.9	551	20783290	13584	0.000653175
3	546	20783836	13038	0.000626921
3.1	466	20784302	12572	0.000604514
3.2	444	20784746	12128	0.000583165
3.3	381	20785127	11747	0.000564845
3.4	346	20785473	11401	0.000548207
3.5	351	20785824	11050	0.00053133
3.6	298	20786122	10752	0.000517001
3.7	352	20786474	10400	0.000500075
3.8	297	20786771	10103	0.000485794
3.9	314	20787085	9789	0.000470696
4	260	20787345	9529	0.000458194
4.1	258	20787603	9271	0.000445788
4.2	247	20787850	9024	0.000433911
4.3	239	20788089	8785	0.000422419
4.4	223	20788312	8562	0.000411696
4.5	240	20788552	8322	0.000400156
4.6	230	20788782	8092	0.000389097
4.7	231	20789013	7861	0.000377989
4.8	201	20789214	7660	0.000368325
4.9	227	20789441	7433	0.000357409
5	233	20789674	7200	0.000346206
5.1	233	20789907	6967	0.000335002
5.2	241	20790148	6726	0.000323414
5.3	233	20790381	6493	0.00031221
5.4	185	20790566	6308	0.000303315
5.5	221	20790787	6087	0.000292688
5.6	199	20790986	5888	0.000283119
5.7	196	20791182	5692	0.000273695
5.8	209	20791391	5483	0.000263645
5.9	218	20791609	5265	0.000253163
6	200	20791809	5065	0.000243546
6.1	199	20792008	4866	0.000233977
6.2	219	20792227	4647	0.000223447
6.3	182	20792409	4465	0.000214696
6.4	155	20792564	4310	0.000207243
6.5	191	20792755	4119	0.000198059
6.6	180	20792935	3939	0.000189403
6.7	157	20793092	3782	0.000181854
6.8	164	20793256	3618	0.000173968
6.9	169	20793425	3449	0.000165842
7	178	20793603	3271	0.000157283
7.1	171	20793774	3100	0.000149061
7.2	137	20793911	2963	0.000142473
7.3	161	20794072	2802	0.000134732
7.4	166	20794238	2636	0.00012675
7.5	159	20794397	2477	0.000119104
7.6	138	20794535	2339	0.000112469
7.7	118	20794653	2221	0.000106795
7.8	124	20794777	2097	0.000100832
7.9	118	20794895	1979	9.51585E-05
8	110	20795005	1869	8.98693E-05
8.1	126	20795131	1743	8.38107E-05
8.2	130	20795261	1613	7.75597E-05
8.3	96	20795357	1517	7.29437E-05
8.4	110	20795467	1407	6.76544E-05
8.5	95	20795562	1312	6.30864E-05
8.6	109	20795671	1203	5.78452E-05
8.7	107	20795778	1096	5.27002E-05
8.8	91	20795869	1005	4.83246E-05
8.9	117	20795986	888	4.26987E-05
9	94	20796080	794	3.81788E-05
9.1	75	20796155	719	3.45725E-05
9.2	72	20796227	647	3.11104E-05
9.3	80	20796307	567	2.72637E-05
9.4	69	20796376	498	2.39459E-05
9.5	51	20796427	447	2.14936E-05
9.6	55	20796482	392	1.8849E-05
9.7	48	20796530	344	1.65409E-05
9.8	50	20796580	294	1.41367E-05
9.9	50	20796630	244	1.17325E-05
10	41	20796671	203	9.76108E-06
10.1	32	20796703	171	8.22239E-06
10.2	30	20796733	141	6.77987E-06
10.3	21	20796754	120	5.7701E-06
10.4	27	20796781	93	4.47183E-06
10.5	16	20796797	77	3.70248E-06
10.6	22	20796819	55	2.64463E-06
10.7	14	20796833	41	1.97145E-06
10.8	3	20796836	38	1.8272E-06
10.9	6	20796842	32	1.53869E-06
11	5	20796847	27	1.29827E-06
11.1	4	20796851	23	1.10594E-06
11.2	3	20796854	20	9.61683E-07
11.3	4	20796858	16	7.69346E-07
11.4	4	20796862	12	5.7701E-07
11.5	2	20796864	10	4.80841E-07
11.6	2	20796866	8	3.84673E-07
11.7	5	20796871	3	1.44252E-07
11.8	1	20796872	2	9.61683E-08
11.9	2	20796874	0	0
