#score	occ	co	cco	dCDF
-49	2	2	20796872	1
-48.9	1	3	20796871	1
-48.8	36	39	20796835	0.999998
-48.7	12	51	20796823	0.999998
-48.6	12	63	20796811	0.999997
-48.5	20	83	20796791	0.999996
-48.4	18	101	20796773	0.999995
-48.3	49	150	20796724	0.999993
-48.2	85	235	20796639	0.999989
-48.1	211	446	20796428	0.999979
-48	99	545	20796329	0.999974
-47.9	114	659	20796215	0.999968
-47.8	186	845	20796029	0.999959
-47.7	271	1116	20795758	0.999946
-47.6	326	1442	20795432	0.999931
-47.5	320	1762	20795112	0.999915
-47.4	428	2190	20794684	0.999895
-47.3	506	2696	20794178	0.99987
-47.2	591	3287	20793587	0.999842
-47.1	630	3917	20792957	0.999812
-47	806	4723	20792151	0.999773
-46.9	1029	5752	20791122	0.999723
-46.8	983	6735	20790139	0.999676
-46.7	1139	7874	20789000	0.999621
-46.6	1348	9222	20787652	0.999557
-46.5	1432	10654	20786220	0.999488
-46.4	1613	12267	20784607	0.99941
-46.3	1696	13963	20782911	0.999329
-46.2	1933	15896	20780978	0.999236
-46.1	2208	18104	20778770	0.999129
-46	2547	20651	20776223	0.999007
-45.9	2506	23157	20773717	0.998887
-45.8	2937	26094	20770780	0.998745
-45.7	2844	28938	20767936	0.998609
-45.6	3006	31944	20764930	0.998464
-45.5	3394	35338	20761536	0.998301
-45.4	3537	38875	20757999	0.998131
-45.3	3741	42616	20754258	0.997951
-45.2	4092	46708	20750166	0.997754
-45.1	4164	50872	20746002	0.997554
-45	4421	55293	20741581	0.997341
-44.9	4683	59976	20736898	0.997116
-44.8	4797	64773	20732101	0.996885
-44.7	5087	69860	20727014	0.996641
-44.6	5377	75237	20721637	0.996382
-44.5	5620	80857	20716017	0.996112
-44.4	6035	86892	20709982	0.995822
-44.3	6186	93078	20703796	0.995524
-44.2	6333	99411	20697463	0.99522
-44.1	6540	105951	20690923	0.994905
-44	7096	113047	20683827	0.994564
-43.9	7077	120124	20676750	0.994224
-43.8	7458	127582	20669292	0.993865
-43.7	7705	135287	20661587	0.993495
-43.6	8238	143525	20653349	0.993099
-43.5	8305	151830	20645044	0.992699
-43.4	8791	160621	20636253	0.992277
-43.3	8997	169618	20627256	0.991844
-43.2	9172	178790	20618084	0.991403
-43.1	9525	188315	20608559	0.990945
-43	9628	197943	20598931	0.990482
-42.9	9929	207872	20589002	0.990005
-42.8	10397	218269	20578605	0.989505
-42.7	10873	229142	20567732	0.988982
-42.6	10714	239856	20557018	0.988467
-42.5	10446	250302	20546572	0.987964
-42.4	10920	261222	20535652	0.987439
-42.3	10988	272210	20524664	0.986911
-42.2	11399	283609	20513265	0.986363
-42.1	11128	294737	20502137	0.985828
-42	11343	306080	20490794	0.985282
-41.9	11376	317456	20479418	0.984735
-41.8	11584	329040	20467834	0.984178
-41.7	11627	340667	20456207	0.983619
-41.6	11802	352469	20444405	0.983052
-41.5	11782	364251	20432623	0.982485
-41.4	11981	376232	20420642	0.981909
-41.3	11921	388153	20408721	0.981336
-41.2	11980	400133	20396741	0.98076
-41.1	12082	412215	20384659	0.980179
-41	12116	424331	20372543	0.979596
-40.9	12161	436492	20360382	0.979012
-40.8	12620	449112	20347762	0.978405
-40.7	12666	461778	20335096	0.977796
-40.6	13074	474852	20322022	0.977167
-40.5	13215	488067	20308807	0.976532
-40.4	13538	501605	20295269	0.975881
-40.3	13949	515554	20281320	0.97521
-40.2	14395	529949	20266925	0.974518
-40.1	15155	545104	20251770	0.973789
-40	15147	560251	20236623	0.973061
-39.9	15672	575923	20220951	0.972307
-39.8	16464	592387	20204487	0.971516
-39.7	16925	609312	20187562	0.970702
-39.6	17347	626659	20170215	0.969868
-39.5	18242	644901	20151973	0.96899
-39.4	18914	663815	20133059	0.968081
-39.3	19728	683543	20113331	0.967132
-39.2	20265	703808	20093066	0.966158
-39.1	21209	725017	20071857	0.965138
-39	21955	746972	20049902	0.964082
-38.9	22903	769875	20026999	0.962981
-38.8	23516	793391	20003483	0.96185
-38.7	24060	817451	19979423	0.960694
-38.6	25881	843332	19953542	0.959449
-38.5	26222	869554	19927320	0.958188
-38.4	27044	896598	19900276	0.956888
-38.3	27868	924466	19872408	0.955548
-38.2	28443	952909	19843965	0.95418
-38.1	29408	982317	19814557	0.952766
-38	30125	1012442	19784432	0.951318
-37.9	31069	1043511	19753363	0.949824
-37.8	31828	1075339	19721535	0.948293
-37.7	33118	1108457	19688417	0.946701
-37.6	33599	1142056	19654818	0.945085
-37.5	34705	1176761	19620113	0.943416
-37.4	35359	1212120	19584754	0.941716
-37.3	36243	1248363	19548511	0.939974
-37.2	37182	1285545	19511329	0.938186
-37.1	38332	1323877	19472997	0.936343
-37	39053	1362930	19433944	0.934465
-36.9	39929	1402859	19394015	0.932545
-36.8	41635	1444494	19352380	0.930543
-36.7	41942	1486436	19310438	0.928526
-36.6	43210	1529646	19267228	0.926448
-36.5	43763	1573409	19223465	0.924344
-36.4	44429	1617838	19179036	0.922208
-36.3	45869	1663707	19133167	0.920002
-36.2	46113	1709820	19087054	0.917785
-36.1	47454	1757274	19039600	0.915503
-36	47999	1805273	18991601	0.913195
-35.9	48709	1853982	18942892	0.910853
-35.8	49289	1903271	18893603	0.908483
-35.7	50059	1953330	18843544	0.906076
-35.6	50722	2004052	18792822	0.903637
-35.5	51578	2055630	18741244	0.901157
-35.4	51530	2107160	18689714	0.898679
-35.3	52514	2159674	18637200	0.896154
-35.2	53179	2212853	18584021	0.893597
-35.1	52891	2265744	18531130	0.891054
-35	53154	2318898	18477976	0.888498
-34.9	53450	2372348	18424526	0.885928
-34.8	53735	2426083	18370791	0.883344
-34.7	53357	2479440	18317434	0.880778
-34.6	53544	2532984	18263890	0.878204
-34.5	53140	2586124	18210750	0.875648
-34.4	54010	2640134	18156740	0.873051
-34.3	53529	2693663	18103211	0.870478
-34.2	53405	2747068	18049806	0.86791
-34.1	53533	2800601	17996273	0.865335
-34	53778	2854379	17942495	0.86275
-33.9	53713	2908092	17888782	0.860167
-33.8	53439	2961531	17835343	0.857597
-33.7	53972	3015503	17781371	0.855002
-33.6	53623	3069126	17727748	0.852424
-33.5	72513	3141639	17655235	0.848937
-33.4	55016	3196655	17600219	0.846292
-33.3	55284	3251939	17544935	0.843633
-33.2	54895	3306834	17490040	0.840994
-33.1	55651	3362485	17434389	0.838318
-33	58591	3421076	17375798	0.8355
-32.9	56912	3477988	17318886	0.832764
-32.8	57326	3535314	17261560	0.830007
-32.7	58319	3593633	17203241	0.827203
-32.6	59928	3653561	17143313	0.824322
-32.5	61211	3714772	17082102	0.821378
-32.4	62324	3777096	17019778	0.818382
-32.3	63957	3841053	16955821	0.815306
-32.2	64865	3905918	16890956	0.812187
-32.1	65901	3971819	16825055	0.809018
-32	67893	4039712	16757162	0.805754
-31.9	69007	4108719	16688155	0.802436
-31.8	69917	4178636	16618238	0.799074
-31.7	71451	4250087	16546787	0.795638
-31.6	72886	4322973	16473901	0.792134
-31.5	73663	4396636	16400238	0.788591
-31.4	75473	4472109	16324765	0.784962
-31.3	76203	4548312	16248562	0.781298
-31.2	77673	4625985	16170889	0.777563
-31.1	79523	4705508	16091366	0.77374
-31	80205	4785713	16011161	0.769883
-30.9	81007	4866720	15930154	0.765988
-30.8	82394	4949114	15847760	0.762026
-30.7	82896	5032010	15764864	0.75804
-30.6	84317	5116327	15680547	0.753986
-30.5	86306	5202633	15594241	0.749836
-30.4	85940	5288573	15508301	0.745703
-30.3	86406	5374979	15421895	0.741549
-30.2	87264	5462243	15334631	0.737353
-30.1	88646	5550889	15245985	0.73309
-30	89074	5639963	15156911	0.728807
-29.9	89354	5729317	15067557	0.724511
-29.8	90727	5820044	14976830	0.720148
-29.7	91203	5911247	14885627	0.715763
-29.6	91985	6003232	14793642	0.71134
-29.5	92846	6096078	14700796	0.706875
-29.4	93639	6189717	14607157	0.702373
-29.3	93952	6283669	14513205	0.697855
-29.2	94666	6378335	14418539	0.693303
-29.1	95036	6473371	14323503	0.688733
-29	96115	6569486	14227388	0.684112
-28.9	96528	6666014	14130860	0.67947
-28.8	96659	6762673	14034201	0.674823
-28.7	97636	6860309	13936565	0.670128
-28.6	97812	6958121	13838753	0.665425
-28.5	97698	7055819	13741055	0.660727
-28.4	97990	7153809	13643065	0.656015
-28.3	99075	7252884	13543990	0.651251
-28.2	98859	7351743	13445131	0.646498
-28.1	99044	7450787	13346087	0.641735
-28	98728	7549515	13247359	0.636988
-27.9	98639	7648154	13148720	0.632245
-27.8	97556	7745710	13051164	0.627554
-27.7	97423	7843133	12953741	0.62287
-27.6	97690	7940823	12856051	0.618172
-27.5	97079	8037902	12758972	0.613504
-27.4	95595	8133497	12663377	0.608908
-27.3	95223	8228720	12568154	0.604329
-27.2	94529	8323249	12473625	0.599784
-27.1	93371	8416620	12380254	0.595294
-27	92291	8508911	12287963	0.590856
-26.9	91546	8600457	12196417	0.586454
-26.8	89898	8690355	12106519	0.582132
-26.7	89546	8779901	12016973	0.577826
-26.6	88565	8868466	11928408	0.573567
-26.5	88326	8956792	11840082	0.56932
-26.4	87556	9044348	11752526	0.56511
-26.3	86924	9131272	11665602	0.560931
-26.2	85921	9217193	11579681	0.556799
-26.1	85036	9302229	11494645	0.55271
-26	85572	9387801	11409073	0.548596
-25.9	85727	9473528	11323346	0.544473
-25.8	85621	9559149	11237725	0.540356
-25.7	85616	9644765	11152109	0.53624
-25.6	86218	9730983	11065891	0.532094
-25.5	86575	9817558	10979316	0.527931
-25.4	87733	9905291	10891583	0.523713
-25.3	87408	9992699	10804175	0.51951
-25.2	88836	10081535	10715339	0.515238
-25.1	89647	10171182	10625692	0.510927
-25	90819	10262001	10534873	0.50656
-24.9	91059	10353060	10443814	0.502182
-24.8	92077	10445137	10351737	0.497754
-24.7	94085	10539222	10257652	0.49323
-24.6	94576	10633798	10163076	0.488683
-24.5	95365	10729163	10067711	0.484097
-24.4	96574	10825737	9971137	0.479454
-24.3	97083	10922820	9874054	0.474785
-24.2	97755	11020575	9776299	0.470085
-24.1	98128	11118703	9678171	0.465367
-24	99153	11217856	9579018	0.460599
-23.9	99728	11317584	9479290	0.455804
-23.8	100300	11417884	9378990	0.450981
-23.7	100123	11518007	9278867	0.446166
-23.6	100333	11618340	9178534	0.441342
-23.5	100063	11718403	9078471	0.436531
-23.4	100644	11819047	8977827	0.431691
-23.3	101775	11920822	8876052	0.426797
-23.2	100897	12021719	8775155	0.421946
-23.1	99933	12121652	8675222	0.417141
-23	100121	12221773	8575101	0.412326
-22.9	99855	12321628	8475246	0.407525
-22.8	98911	12420539	8376335	0.402769
-22.7	99425	12519964	8276910	0.397988
-22.6	99316	12619280	8177594	0.393213
-22.5	99374	12718654	8078220	0.388434
-22.4	98828	12817482	7979392	0.383682
-22.3	98009	12915491	7881383	0.37897
-22.2	98278	13013769	7783105	0.374244
-22.1	97452	13111221	7685653	0.369558
-22	97684	13208905	7587969	0.364861
-21.9	97458	13306363	7490511	0.360175
-21.8	96828	13403191	7393683	0.355519
-21.7	96648	13499839	7297035	0.350872
-21.6	96630	13596469	7200405	0.346225
-21.5	96585	13693054	7103820	0.341581
-21.4	95706	13788760	7008114	0.336979
-21.3	94519	13883279	6913595	0.332434
-21.2	94087	13977366	6819508	0.32791
-21.1	94231	14071597	6725277	0.323379
-21	93463	14165060	6631814	0.318885
-20.9	91887	14256947	6539927	0.314467
-20.8	92256	14349203	6447671	0.310031
-20.7	90537	14439740	6357134	0.305677
-20.6	88857	14528597	6268277	0.301405
-20.5	87620	14616217	6180657	0.297192
-20.4	86308	14702525	6094349	0.293042
-20.3	83944	14786469	6010405	0.289005
-20.2	83146	14869615	5927259	0.285007
-20.1	81099	14950714	5846160	0.281108
-20	79045	15029759	5767115	0.277307
-19.9	77155	15106914	5689960	0.273597
-19.8	75455	15182369	5614505	0.269969
-19.7	73599	15255968	5540906	0.26643
-19.6	71902	15327870	5469004	0.262972
-19.5	70693	15398563	5398311	0.259573
-19.4	70256	15468819	5328055	0.256195
-19.3	67286	15536105	5260769	0.25296
-19.2	65070	15601175	5195699	0.249831
-19.1	64257	15665432	5131442	0.246741
-19	62961	15728393	5068481	0.243714
-18.9	62078	15790471	5006403	0.240729
-18.8	61011	15851482	4945392	0.237795
-18.7	60076	15911558	4885316	0.234906
-18.6	59229	15970787	4826087	0.232058
-18.5	59038	16029825	4767049	0.229219
-18.4	58866	16088691	4708183	0.226389
-18.3	58997	16147688	4649186	0.223552
-18.2	58189	16205877	4590997	0.220754
-18.1	58758	16264635	4532239	0.217929
-18	59344	16323979	4472895	0.215075
-17.9	59158	16383137	4413737	0.212231
-17.8	59970	16443107	4353767	0.209347
-17.7	59808	16502915	4293959	0.206471
-17.6	60765	16563680	4233194	0.20355
-17.5	60974	16624654	4172220	0.200618
-17.4	62082	16686736	4110138	0.197632
-17.3	62063	16748799	4048075	0.194648
-17.2	62259	16811058	3985816	0.191655
-17.1	62391	16873449	3923425	0.188655
-17	62523	16935972	3860902	0.185648
-16.9	62690	16998662	3798212	0.182634
-16.8	63010	17061672	3735202	0.179604
-16.7	62130	17123802	3673072	0.176617
-16.6	62351	17186153	3610721	0.173618
-16.5	62348	17248501	3548373	0.17062
-16.4	62674	17311175	3485699	0.167607
-16.3	62262	17373437	3423437	0.164613
-16.2	61171	17434608	3362266	0.161672
-16.1	61552	17496160	3300714	0.158712
-16	60882	17557042	3239832	0.155785
-15.9	60340	17617382	3179492	0.152883
-15.8	59870	17677252	3119622	0.150004
-15.7	59363	17736615	3060259	0.14715
-15.6	59007	17795622	3001252	0.144313
-15.5	58443	17854065	2942809	0.141502
-15.4	58141	17912206	2884668	0.138707
-15.3	57248	17969454	2827420	0.135954
-15.2	56888	18026342	2770532	0.133219
-15.1	56496	18082838	2714036	0.130502
-15	55741	18138579	2658295	0.127822
-14.9	56225	18194804	2602070	0.125118
-14.8	54785	18249589	2547285	0.122484
-14.7	54062	18303651	2493223	0.119885
-14.6	54043	18357694	2439180	0.117286
-14.5	53165	18410859	2386015	0.11473
-14.4	52906	18463765	2333109	0.112186
-14.3	52043	18515808	2281066	0.109683
-14.2	51424	18567232	2229642	0.10721
-14.1	52170	18619402	2177472	0.104702
-14	50799	18670201	2126673	0.102259
-13.9	49885	18720086	2076788	0.0998606
-13.8	48986	18769072	2027802	0.0975051
-13.7	47962	18817034	1979840	0.0951989
-13.6	47248	18864282	1932592	0.092927
-13.5	46879	18911161	1885713	0.0906729
-13.4	64387	18975548	1821326	0.0875769
-13.3	43371	19018919	1777955	0.0854915
-13.2	42489	19061408	1735466	0.0834484
-13.1	41956	19103364	1693510	0.081431
-13	40304	19143668	1653206	0.079493
-12.9	38255	19181923	1614951	0.0776535
-12.8	36870	19218793	1578081	0.0758807
-12.7	35505	19254298	1542576	0.0741735
-12.6	33744	19288042	1508832	0.0725509
-12.5	32126	19320168	1476706	0.0710062
-12.4	30365	19350533	1446341	0.0695461
-12.3	29164	19379697	1417177	0.0681438
-12.2	28199	19407896	1388978	0.0667878
-12.1	26733	19434629	1362245	0.0655024
-12	25786	19460415	1336459	0.0642625
-11.9	24285	19484700	1312174	0.0630948
-11.8	23265	19507965	1288909	0.0619761
-11.7	22448	19530413	1266461	0.0608967
-11.6	21424	19551837	1245037	0.0598665
-11.5	20907	19572744	1224130	0.0588613
-11.4	20050	19592794	1204080	0.0578972
-11.3	19415	19612209	1184665	0.0569636
-11.2	19150	19631359	1165515	0.0560428
-11.1	18894	19650253	1146621	0.0551343
-11	18822	19669075	1127799	0.0542293
-10.9	18620	19687695	1109179	0.0533339
-10.8	18713	19706408	1090466	0.0524341
-10.7	18356	19724764	1072110	0.0515515
-10.6	18493	19743257	1053617	0.0506623
-10.5	18251	19761508	1035366	0.0497847
-10.4	18587	19780095	1016779	0.048891
-10.3	18704	19798799	998075	0.0479916
-10.2	18842	19817641	979233	0.0470856
-10.1	18997	19836638	960236	0.0461721
-10	18747	19855385	941489	0.0452707
-9.9	18849	19874234	922640	0.0443644
-9.8	18993	19893227	903647	0.0434511
-9.7	19072	19912299	884575	0.042534
-9.6	19602	19931901	864973	0.0415915
-9.5	19140	19951041	845833	0.0406712
-9.4	18844	19969885	826989	0.0397651
-9.3	19128	19989013	807861	0.0388453
-9.2	19096	20008109	788765	0.0379271
-9.1	18733	20026842	770032	0.0370263
-9	18911	20045753	751121	0.036117
-8.9	18698	20064451	732423	0.0352179
-8.8	18609	20083060	713814	0.0343231
-8.7	18327	20101387	695487	0.0334419
-8.6	18074	20119461	677413	0.0325728
-8.5	17750	20137211	659663	0.0317193
-8.4	17685	20154896	641978	0.030869
-8.3	17479	20172375	624499	0.0300285
-8.2	17128	20189503	607371	0.0292049
-8.1	16922	20206425	590449	0.0283912
-8	16699	20223124	573750	0.0275883
-7.9	16405	20239529	557345	0.0267995
-7.8	16250	20255779	541095	0.0260181
-7.7	15726	20271505	525369	0.0252619
-7.6	15558	20287063	509811	0.0245138
-7.5	15431	20302494	494380	0.0237718
-7.4	15196	20317690	479184	0.0230412
-7.3	15025	20332715	464159	0.0223187
-7.2	14614	20347329	449545	0.021616
-7.1	14486	20361815	435059	0.0209194
-7	14785	20376600	420274	0.0202085
-6.9	14199	20390799	406075	0.0195258
-6.8	13894	20404693	392181	0.0188577
-6.7	13581	20418274	378600	0.0182047
-6.6	13450	20431724	365150	0.0175579
-6.5	12962	20444686	352188	0.0169347
-6.4	12824	20457510	339364	0.016318
-6.3	12699	20470209	326665	0.0157074
-6.2	12348	20482557	314317	0.0151137
-6.1	11560	20494117	302757	0.0145578
-6	11298	20505415	291459	0.0140146
-5.9	11098	20516513	280361	0.0134809
-5.8	10632	20527145	269729	0.0129697
-5.7	10466	20537611	259263	0.0124664
-5.6	9836	20547447	249427	0.0119935
-5.5	9155	20556602	240272	0.0115533
-5.4	8788	20565390	231484	0.0111307
-5.3	8313	20573703	223171	0.010731
-5.2	7893	20581596	215278	0.0103515
-5.1	7259	20588855	208019	0.0100024
-5	6652	20595507	201367	0.00968256
-4.9	6103	20601610	195264	0.0093891
-4.8	5982	20607592	189282	0.00910146
-4.7	5544	20613136	183738	0.00883489
-4.6	5242	20618378	178496	0.00858283
-4.5	4713	20623091	173783	0.00835621
-4.4	4094	20627185	169689	0.00815935
-4.3	3968	20631153	165721	0.00796855
-4.2	3806	20634959	161915	0.00778555
-4.1	3448	20638407	158467	0.00761975
-4	3309	20641716	155158	0.00746064
-3.9	3076	20644792	152082	0.00731273
-3.8	3125	20647917	148957	0.00716247
-3.7	2954	20650871	146003	0.00702043
-3.6	2778	20653649	143225	0.00688685
-3.5	2753	20656402	140472	0.00675448
-3.4	2750	20659152	137722	0.00662225
-3.3	2846	20661998	134876	0.0064854
-3.2	2641	20664639	132235	0.00635841
-3.1	2731	20667370	129504	0.00622709
-3	2715	20670085	126789	0.00609654
-2.9	2853	20672938	123936	0.00595936
-2.8	2714	20675652	121222	0.00582886
-2.7	2812	20678464	118410	0.00569364
-2.6	2599	20681063	115811	0.00556867
-2.5	2703	20683766	113108	0.0054387
-2.4	2688	20686454	110420	0.00530945
-2.3	2699	20689153	107721	0.00517967
-2.2	2869	20692022	104852	0.00504172
-2.1	2682	20694704	102170	0.00491276
-2	2781	20697485	99389	0.00477904
-1.9	2815	20700300	96574	0.00464368
-1.8	2778	20703078	93796	0.0045101
-1.7	2626	20705704	91170	0.00438383
-1.6	2662	20708366	88508	0.00425583
-1.5	2767	20711133	85741	0.00412278
-1.4	2640	20713773	83101	0.00399584
-1.3	2668	20716441	80433	0.00386755
-1.2	2713	20719154	77720	0.0037371
-1.1	2609	20721763	75111	0.00361165
-1	2502	20724265	72609	0.00349134
-0.9	2426	20726691	70183	0.00337469
-0.8	2360	20729051	67823	0.00326121
-0.7	2315	20731366	65508	0.0031499
-0.6	2326	20733692	63182	0.00303805
-0.5	2183	20735875	60999	0.00293309
-0.4	2196	20738071	58803	0.00282749
-0.3	2135	20740206	56668	0.00272483
-0.2	2198	20742404	54470	0.00261914
-0.1	2116	20744520	52354	0.0025174
0	2104	20746624	50250	0.00241623
0.1	1999	20748623	48251	0.00232011
0.2	2004	20750627	46247	0.00222375
0.3	1928	20752555	44319	0.00213104
0.4	1897	20754452	42422	0.00203983
0.5	1846	20756298	40576	0.00195106
0.6	1864	20758162	38712	0.00186143
0.7	1868	20760030	36844	0.00177161
0.8	1702	20761732	35142	0.00168977
0.9	1781	20763513	33361	0.00160414
1	1700	20765213	31661	0.00152239
1.1	1630	20766843	30031	0.00144402
1.2	1699	20768542	28332	0.00136232
1.3	1612	20770154	26720	0.00128481
1.4	1548	20771702	25172	0.00121037
1.5	1534	20773236	23638	0.00113661
1.6	1342	20774578	22296	0.00107208
1.7	1285	20775863	21011	0.0010103
1.8	1254	20777117	19757	0.000949999
1.9	1203	20778320	18554	0.000892153
2	1100	20779420	17454	0.000839261
2.1	1026	20780446	16428	0.000789926
2.2	906	20781352	15522	0.000746362
2.3	918	20782270	14604	0.000702221
2.4	793	20783063	13811	0.00066409
2.5	742	20783805	13069	0.000628412
2.6	676	20784481	12393	0.000595907
2.7	618	20785099	11775	0.000566191
2.8	603	20785702	11172	0.000537196
2.9	520	20786222	10652	0.000512192
3	424	20786646	10228	0.000491805
3.1	373	20787019	9855	0.000473869
3.2	332	20787351	9523	0.000457905
3.3	326	20787677	9197	0.00044223
3.4	306	20787983	8891	0.000427516
3.5	450	20788433	8441	0.000405878
3.6	223	20788656	8218	0.000395156
3.7	208	20788864	8010	0.000385154
3.8	264	20789128	7746	0.00037246
3.9	200	20789328	7546	0.000362843
4	176	20789504	7370	0.00035438
4.1	147	20789651	7223	0.000347312
4.2	390	20790041	6833	0.000328559
4.3	106	20790147	6727	0.000323462
4.4	157	20790304	6570	0.000315913
4.5	147	20790451	6423	0.000308844
4.6	132	20790583	6291	0.000302497
4.7	142	20790725	6149	0.000295669
4.8	129	20790854	6020	0.000289467
4.9	112	20790966	5908	0.000284081
5	139	20791105	5769	0.000277397
5.1	130	20791235	5639	0.000271147
5.2	145	20791380	5494	0.000264174
5.3	145	20791525	5349	0.000257202
5.4	153	20791678	5196	0.000249845
5.5	156	20791834	5040	0.000242344
5.6	139	20791973	4901	0.00023566
5.7	129	20792102	4772	0.000229458
5.8	160	20792262	4612	0.000221764
5.9	152	20792414	4460	0.000214455
6	146	20792560	4314	0.000207435
6.1	142	20792702	4172	0.000200607
6.2	147	20792849	4025	0.000193539
6.3	136	20792985	3889	0.000186999
6.4	122	20793107	3767	0.000181133
6.5	130	20793237	3637	0.000174882
6.6	120	20793357	3517	0.000169112
6.7	149	20793506	3368	0.000161947
6.8	132	20793638	3236	0.0001556
6.9	123	20793761	3113	0.000149686
7	126	20793887	2987	0.000143627
7.1	101	20793988	2886	0.000138771
7.2	126	20794114	2760	0.000132712
7.3	103	20794217	2657	0.00012776
7.4	117	20794334	2540	0.000122134
7.5	117	20794451	2423	0.000116508
7.6	120	20794571	2303	0.000110738
7.7	120	20794691	2183	0.000104968
7.8	86	20794777	2097	0.000100832
7.9	114	20794891	1983	9.53509E-05
8	98	20794989	1885	9.06386E-05
8.1	98	20795087	1787	8.59264E-05
8.2	112	20795199	1675	8.0541E-05
8.3	103	20795302	1572	7.55883E-05
8.4	104	20795406	1468	7.05875E-05
8.5	123	20795529	1345	6.46732E-05
8.6	103	20795632	1242	5.97205E-05
8.7	90	20795722	1152	5.53929E-05
8.8	98	20795820	1054	5.06807E-05
8.9	102	20795922	952	4.57761E-05
9	103	20796025	849	4.08234E-05
9.1	83	20796108	766	3.68325E-05
9.2	81	20796189	685	3.29376E-05
9.3	75	20796264	610	2.93313E-05
9.4	57	20796321	553	2.65905E-05
9.5	55	20796376	498	2.39459E-05
9.6	60	20796436	438	2.10609E-05
9.7	60	20796496	378	1.81758E-05
9.8	54	20796550	324	1.55793E-05
9.9	49	20796599	275	1.32231E-05
10	56	20796655	219	1.05304E-05
10.1	36	20796691	183	8.7994E-06
10.2	22	20796713	161	7.74155E-06
10.3	30	20796743	131	6.29902E-06
10.4	26	20796769	105	5.04884E-06
10.5	18	20796787	87	4.18332E-06
10.6	21	20796808	66	3.17355E-06
10.7	12	20796820	54	2.59654E-06
10.8	14	20796834	40	1.92337E-06
10.9	7	20796841	33	1.58678E-06
11	4	20796845	29	1.39444E-06
11.1	6	20796851	23	1.10594E-06
11.2	4	20796855	19	9.13599E-07
11.3	7	20796862	12	5.7701E-07
11.4	5	20796867	7	3.36589E-07
11.5	2	20796869	5	2.40421E-07
11.6	1	20796870	4	1.92337E-07
11.7	1	20796871	3	1.44252E-07
11.8	2	20796873	1	4.80841E-08
11.9	1	20796874	0	0
