#key	theor	matrix_sites_cv_loo	matrix_sites	sequence_set1	sequence_set1_2perm
-49.3	<NULL>	<NULL>	<NULL>	<NULL>	      1
-49.2	<NULL>	<NULL>	<NULL>	<NULL>	      1
-49.1	1.0e+00	<NULL>	<NULL>	<NULL>	      1
-49	1.0e+00	<NULL>	<NULL>	1	      1
-48.9	1.0e+00	<NULL>	<NULL>	1	      1
-48.8	1.0e+00	<NULL>	<NULL>	0.999998	0.999999
-48.7	1.0e+00	<NULL>	<NULL>	0.999998	0.999999
-48.6	1.0e+00	<NULL>	<NULL>	0.999997	0.999998
-48.5	1.0e+00	<NULL>	<NULL>	0.999996	0.999996
-48.4	1.0e+00	<NULL>	<NULL>	0.999995	0.999994
-48.3	1.0e+00	<NULL>	<NULL>	0.999993	0.999992
-48.2	1.0e+00	<NULL>	<NULL>	0.999989	0.999986
-48.1	1.0e+00	<NULL>	<NULL>	0.999979	0.99998
-48	1.0e+00	<NULL>	<NULL>	0.999974	0.999967
-47.9	1.0e+00	<NULL>	<NULL>	0.999968	0.999954
-47.8	1.0e+00	<NULL>	<NULL>	0.999959	0.999941
-47.7	1.0e+00	<NULL>	<NULL>	0.999946	0.99992
-47.6	1.0e+00	<NULL>	<NULL>	0.999931	0.999898
-47.5	1.0e+00	<NULL>	<NULL>	0.999915	0.999865
-47.4	1.0e+00	<NULL>	<NULL>	0.999895	0.999838
-47.3	1.0e+00	1.00000	1.00000	0.99987	0.999804
-47.2	1.0e+00	1.00000	1.00000	0.999842	0.999766
-47.1	1.0e+00	1.00000	1.00000	0.999812	0.999724
-47	1.0e+00	1.00000	1.00000	0.999773	0.999673
-46.9	1.0e+00	1.00000	1.00000	0.999723	0.999619
-46.8	1.0e+00	1.00000	1.00000	0.999676	0.999554
-46.7	1.0e+00	1.00000	1.00000	0.999621	0.999486
-46.6	1.0e+00	1.00000	1.00000	0.999557	0.999405
-46.5	1.0e+00	1.00000	1.00000	0.999488	0.999317
-46.4	1.0e+00	1.00000	1.00000	0.99941	0.999226
-46.3	1.0e+00	1.00000	1.00000	0.999329	0.999124
-46.2	1.0e+00	1.00000	1.00000	0.999236	0.999013
-46.1	1.0e+00	1.00000	1.00000	0.999129	0.998893
-46	1.0e+00	1.00000	1.00000	0.999007	0.998763
-45.9	1.0e+00	1.00000	1.00000	0.998887	0.998628
-45.8	1.0e+00	1.00000	1.00000	0.998745	0.99847
-45.7	1.0e+00	1.00000	1.00000	0.998609	0.998305
-45.6	1.0e+00	1.00000	1.00000	0.998464	0.99813
-45.5	1.0e+00	1.00000	1.00000	0.998301	0.99794
-45.4	1.0e+00	1.00000	1.00000	0.998131	0.997743
-45.3	1.0e+00	1.00000	1.00000	0.997951	0.997531
-45.2	1.0e+00	1.00000	1.00000	0.997754	0.997303
-45.1	1.0e+00	1.00000	1.00000	0.997554	0.997065
-45	1.0e+00	1.00000	1.00000	0.997341	0.996814
-44.9	1.0e+00	1.00000	1.00000	0.997116	0.996553
-44.8	1.0e+00	1.00000	1.00000	0.996885	0.996271
-44.7	1.0e+00	1.00000	1.00000	0.996641	0.995973
-44.6	1.0e+00	1.00000	1.00000	0.996382	0.99567
-44.5	1.0e+00	1.00000	1.00000	0.996112	0.995355
-44.4	1.0e+00	1.00000	1.00000	0.995822	0.995016
-44.3	1.0e+00	1.00000	1.00000	0.995524	0.994668
-44.2	1.0e+00	1.00000	1.00000	0.99522	0.994301
-44.1	1.0e+00	1.00000	1.00000	0.994905	0.993931
-44	1.0e+00	1.00000	1.00000	0.994564	0.993542
-43.9	1.0e+00	1.00000	1.00000	0.994224	0.993143
-43.8	1.0e+00	1.00000	1.00000	0.993865	0.992729
-43.7	9.9e-01	1.00000	1.00000	0.993495	0.992299
-43.6	9.9e-01	1.00000	1.00000	0.993099	0.991856
-43.5	9.9e-01	1.00000	1.00000	0.992699	 0.9914
-43.4	9.9e-01	1.00000	1.00000	0.992277	0.990931
-43.3	9.9e-01	1.00000	1.00000	0.991844	0.990448
-43.2	9.9e-01	1.00000	1.00000	0.991403	0.989946
-43.1	9.9e-01	1.00000	1.00000	0.990945	0.989435
-43	9.9e-01	1.00000	1.00000	0.990482	0.988908
-42.9	9.9e-01	1.00000	1.00000	0.990005	0.988373
-42.8	9.9e-01	1.00000	1.00000	0.989505	0.987843
-42.7	9.9e-01	1.00000	1.00000	0.988982	0.987288
-42.6	9.9e-01	1.00000	1.00000	0.988467	0.986727
-42.5	9.9e-01	1.00000	1.00000	0.987964	0.986162
-42.4	9.9e-01	1.00000	1.00000	0.987439	0.985584
-42.3	9.9e-01	1.00000	1.00000	0.986911	0.984993
-42.2	9.9e-01	1.00000	1.00000	0.986363	0.984399
-42.1	9.9e-01	1.00000	1.00000	0.985828	0.983801
-42	9.9e-01	1.00000	1.00000	0.985282	0.983198
-41.9	9.9e-01	1.00000	1.00000	0.984735	0.982591
-41.8	9.8e-01	1.00000	1.00000	0.984178	0.981983
-41.7	9.8e-01	1.00000	1.00000	0.983619	0.981369
-41.6	9.8e-01	1.00000	1.00000	0.983052	0.980756
-41.5	9.8e-01	1.00000	1.00000	0.982485	0.980141
-41.4	9.8e-01	1.00000	1.00000	0.981909	0.979525
-41.3	9.8e-01	1.00000	1.00000	0.981336	0.978902
-41.2	9.8e-01	1.00000	1.00000	0.98076	0.978273
-41.1	9.8e-01	1.00000	1.00000	0.980179	0.977649
-41	9.8e-01	1.00000	1.00000	0.979596	0.977023
-40.9	9.8e-01	1.00000	1.00000	0.979012	0.976382
-40.8	9.8e-01	1.00000	1.00000	0.978405	0.975737
-40.7	9.8e-01	1.00000	1.00000	0.977796	0.975082
-40.6	9.8e-01	1.00000	1.00000	0.977167	0.974396
-40.5	9.8e-01	1.00000	1.00000	0.976532	0.97371
-40.4	9.8e-01	1.00000	1.00000	0.975881	0.973018
-40.3	9.7e-01	1.00000	1.00000	0.97521	0.972319
-40.2	9.7e-01	1.00000	1.00000	0.974518	0.971603
-40.1	9.7e-01	1.00000	1.00000	0.973789	0.97085
-40	9.7e-01	1.00000	1.00000	0.973061	0.970083
-39.9	9.7e-01	1.00000	1.00000	0.972307	0.969293
-39.8	9.7e-01	1.00000	1.00000	0.971516	0.968468
-39.7	9.7e-01	1.00000	1.00000	0.970702	0.967617
-39.6	9.7e-01	1.00000	1.00000	0.969868	0.966723
-39.5	9.7e-01	1.00000	1.00000	0.96899	0.965817
-39.4	9.7e-01	1.00000	1.00000	0.968081	0.964866
-39.3	9.7e-01	1.00000	1.00000	0.967132	0.96387
-39.2	9.7e-01	1.00000	1.00000	0.966158	0.962846
-39.1	9.6e-01	1.00000	1.00000	0.965138	0.961784
-39	9.6e-01	1.00000	1.00000	0.964082	0.96067
-38.9	9.6e-01	1.00000	1.00000	0.962981	0.959518
-38.8	9.6e-01	1.00000	1.00000	0.96185	0.958305
-38.7	9.6e-01	1.00000	1.00000	0.960694	0.957041
-38.6	9.6e-01	1.00000	1.00000	0.959449	0.955756
-38.5	9.6e-01	1.00000	1.00000	0.958188	0.954392
-38.4	9.6e-01	1.00000	1.00000	0.956888	0.952999
-38.3	9.5e-01	1.00000	1.00000	0.955548	0.951561
-38.2	9.5e-01	1.00000	1.00000	0.95418	0.950069
-38.1	9.5e-01	1.00000	1.00000	0.952766	0.948524
-38	9.5e-01	1.00000	1.00000	0.951318	0.946934
-37.9	9.5e-01	1.00000	1.00000	0.949824	0.945296
-37.8	9.5e-01	1.00000	1.00000	0.948293	0.943589
-37.7	9.5e-01	1.00000	1.00000	0.946701	0.941851
-37.6	9.4e-01	1.00000	1.00000	0.945085	0.94008
-37.5	9.4e-01	1.00000	1.00000	0.943416	0.938256
-37.4	9.4e-01	1.00000	1.00000	0.941716	0.936376
-37.3	9.4e-01	1.00000	1.00000	0.939974	0.934447
-37.2	9.4e-01	1.00000	1.00000	0.938186	0.932478
-37.1	9.3e-01	1.00000	1.00000	0.936343	0.930457
-37	9.3e-01	1.00000	1.00000	0.934465	0.928382
-36.9	9.3e-01	1.00000	1.00000	0.932545	0.926263
-36.8	9.3e-01	1.00000	1.00000	0.930543	0.92411
-36.7	9.3e-01	1.00000	1.00000	0.928526	0.921893
-36.6	9.2e-01	1.00000	1.00000	0.926448	0.91964
-36.5	9.2e-01	1.00000	1.00000	0.924344	0.91733
-36.4	9.2e-01	1.00000	1.00000	0.922208	0.914988
-36.3	9.2e-01	1.00000	1.00000	0.920002	0.912616
-36.2	9.2e-01	1.00000	1.00000	0.917785	0.910202
-36.1	9.1e-01	1.00000	1.00000	0.915503	0.907743
-36	9.1e-01	1.00000	1.00000	0.913195	0.905241
-35.9	9.1e-01	1.00000	1.00000	0.910853	0.90271
-35.8	9.1e-01	1.00000	1.00000	0.908483	0.900156
-35.7	9.0e-01	1.00000	1.00000	0.906076	0.897562
-35.6	9.0e-01	1.00000	1.00000	0.903637	0.894949
-35.5	9.0e-01	1.00000	1.00000	0.901157	0.892326
-35.4	9.0e-01	1.00000	1.00000	0.898679	0.889686
-35.3	8.9e-01	1.00000	1.00000	0.896154	0.887051
-35.2	8.9e-01	1.00000	1.00000	0.893597	0.884412
-35.1	8.9e-01	1.00000	1.00000	0.891054	0.881772
-35	8.8e-01	1.00000	1.00000	0.888498	0.879137
-34.9	8.8e-01	1.00000	1.00000	0.885928	0.876487
-34.8	8.8e-01	1.00000	1.00000	0.883344	0.873877
-34.7	8.8e-01	1.00000	1.00000	0.880778	0.871273
-34.6	8.7e-01	1.00000	1.00000	0.878204	0.868667
-34.5	8.7e-01	1.00000	1.00000	0.875648	0.866081
-34.4	8.7e-01	1.00000	1.00000	0.873051	0.86352
-34.3	8.7e-01	1.00000	1.00000	0.870478	0.860998
-34.2	8.6e-01	1.00000	1.00000	0.86791	0.858496
-34.1	8.6e-01	1.00000	1.00000	0.865335	0.856009
-34	8.6e-01	1.00000	1.00000	0.86275	0.853534
-33.9	8.5e-01	1.00000	1.00000	0.860167	0.851078
-33.8	8.5e-01	1.00000	1.00000	0.857597	0.848632
-33.7	8.5e-01	1.00000	1.00000	0.855002	 0.8462
-33.6	8.5e-01	1.00000	1.00000	0.852424	0.843772
-33.5	8.4e-01	1.00000	1.00000	0.848937	0.841366
-33.4	8.4e-01	1.00000	1.00000	0.846292	0.83806
-33.3	8.4e-01	1.00000	1.00000	0.843633	0.835661
-33.2	8.3e-01	1.00000	1.00000	0.840994	0.833204
-33.1	8.3e-01	1.00000	1.00000	0.838318	0.83075
-33	8.3e-01	1.00000	1.00000	0.8355	0.828267
-32.9	8.3e-01	1.00000	1.00000	0.832764	0.825759
-32.8	8.2e-01	1.00000	1.00000	0.830007	0.823223
-32.7	8.2e-01	1.00000	1.00000	0.827203	0.82063
-32.6	8.2e-01	1.00000	1.00000	0.824322	0.81797
-32.5	8.1e-01	1.00000	1.00000	0.821378	0.815276
-32.4	8.1e-01	1.00000	1.00000	0.818382	0.812535
-32.3	8.1e-01	1.00000	1.00000	0.815306	0.80975
-32.2	8.0e-01	1.00000	1.00000	0.812187	0.806888
-32.1	8.0e-01	1.00000	1.00000	0.809018	0.803951
-32	8.0e-01	1.00000	1.00000	0.805754	0.800962
-31.9	7.9e-01	1.00000	1.00000	0.802436	0.797885
-31.8	7.9e-01	1.00000	1.00000	0.799074	0.794738
-31.7	7.9e-01	1.00000	1.00000	0.795638	0.791527
-31.6	7.8e-01	1.00000	1.00000	0.792134	0.788219
-31.5	7.8e-01	1.00000	1.00000	0.788591	0.784854
-31.4	7.8e-01	1.00000	1.00000	0.784962	0.781405
-31.3	7.7e-01	1.00000	1.00000	0.781298	0.777867
-31.2	7.7e-01	1.00000	1.00000	0.777563	0.774281
-31.1	7.6e-01	1.00000	1.00000	0.77374	0.770625
-31	7.6e-01	1.00000	1.00000	0.769883	0.766905
-30.9	7.6e-01	1.00000	1.00000	0.765988	0.76311
-30.8	7.5e-01	1.00000	1.00000	0.762026	0.759239
-30.7	7.5e-01	1.00000	1.00000	0.75804	0.755308
-30.6	7.4e-01	1.00000	1.00000	0.753986	0.751271
-30.5	7.4e-01	1.00000	1.00000	0.749836	0.747228
-30.4	7.4e-01	1.00000	1.00000	0.745703	0.74309
-30.3	7.3e-01	1.00000	1.00000	0.741549	0.738921
-30.2	7.3e-01	1.00000	1.00000	0.737353	0.734655
-30.1	7.2e-01	1.00000	1.00000	0.73309	0.730368
-30	7.2e-01	1.00000	1.00000	0.728807	0.726017
-29.9	7.1e-01	1.00000	1.00000	0.724511	0.721622
-29.8	7.1e-01	1.00000	1.00000	0.720148	0.717161
-29.7	7.0e-01	1.00000	1.00000	0.715763	0.712641
-29.6	7.0e-01	1.00000	1.00000	0.71134	0.708089
-29.5	7.0e-01	1.00000	1.00000	0.706875	0.703491
-29.4	6.9e-01	1.00000	1.00000	0.702373	0.698816
-29.3	6.9e-01	1.00000	1.00000	0.697855	0.694116
-29.2	6.8e-01	1.00000	1.00000	0.693303	0.689353
-29.1	6.8e-01	1.00000	1.00000	0.688733	0.684543
-29	6.7e-01	1.00000	1.00000	0.684112	0.679715
-28.9	6.7e-01	1.00000	1.00000	0.67947	0.674872
-28.8	6.6e-01	1.00000	1.00000	0.674823	0.669984
-28.7	6.6e-01	1.00000	1.00000	0.670128	0.66509
-28.6	6.5e-01	1.00000	1.00000	0.665425	0.660134
-28.5	6.5e-01	1.00000	1.00000	0.660727	0.655209
-28.4	6.4e-01	1.00000	1.00000	0.656015	0.650281
-28.3	6.4e-01	1.00000	1.00000	0.651251	0.645372
-28.2	6.3e-01	1.00000	1.00000	0.646498	0.640471
-28.1	6.3e-01	1.00000	1.00000	0.641735	0.635617
-28	6.2e-01	1.00000	1.00000	0.636988	0.630785
-27.9	6.2e-01	1.00000	1.00000	0.632245	0.626015
-27.8	6.2e-01	1.00000	1.00000	0.627554	0.621289
-27.7	6.1e-01	1.00000	1.00000	0.62287	0.616597
-27.6	6.1e-01	1.00000	1.00000	0.618172	0.611966
-27.5	6.0e-01	1.00000	1.00000	0.613504	0.607406
-27.4	6.0e-01	1.00000	1.00000	0.608908	0.602903
-27.3	5.9e-01	1.00000	1.00000	0.604329	0.598496
-27.2	5.9e-01	1.00000	1.00000	0.599784	0.594155
-27.1	5.8e-01	1.00000	1.00000	0.595294	0.58988
-27	5.8e-01	1.00000	1.00000	0.590856	0.58571
-26.9	5.7e-01	1.00000	1.00000	0.586454	 0.5816
-26.8	5.7e-01	1.00000	1.00000	0.582132	0.577563
-26.7	5.6e-01	1.00000	1.00000	0.577826	0.573616
-26.6	5.6e-01	1.00000	1.00000	0.573567	0.569736
-26.5	5.6e-01	1.00000	1.00000	0.56932	0.565928
-26.4	5.5e-01	1.00000	1.00000	0.56511	0.562147
-26.3	5.5e-01	1.00000	1.00000	0.560931	0.558347
-26.2	5.4e-01	1.00000	1.00000	0.556799	0.55466
-26.1	5.4e-01	1.00000	1.00000	0.55271	0.551005
-26	5.4e-01	1.00000	1.00000	0.548596	0.547362
-25.9	5.3e-01	1.00000	1.00000	0.544473	0.543734
-25.8	5.3e-01	1.00000	1.00000	0.540356	0.540128
-25.7	5.2e-01	1.00000	1.00000	0.53624	0.536528
-25.6	5.2e-01	1.00000	1.00000	0.532094	0.532894
-25.5	5.1e-01	1.00000	1.00000	0.527931	0.529212
-25.4	5.1e-01	1.00000	1.00000	0.523713	0.525504
-25.3	5.1e-01	1.00000	1.00000	0.51951	0.521771
-25.2	5.0e-01	1.00000	1.00000	0.515238	0.518023
-25.1	5.0e-01	1.00000	1.00000	0.510927	0.514205
-25	4.9e-01	1.00000	1.00000	0.50656	0.510344
-24.9	4.9e-01	1.00000	1.00000	0.502182	0.506425
-24.8	4.8e-01	1.00000	1.00000	0.497754	0.502439
-24.7	4.8e-01	1.00000	1.00000	0.49323	0.498407
-24.6	4.7e-01	1.00000	1.00000	0.488683	0.494284
-24.5	4.7e-01	1.00000	1.00000	0.484097	0.490135
-24.4	4.6e-01	1.00000	1.00000	0.479454	0.485886
-24.3	4.6e-01	1.00000	1.00000	0.474785	0.481609
-24.2	4.6e-01	1.00000	1.00000	0.470085	0.47731
-24.1	4.5e-01	1.00000	1.00000	0.465367	0.472917
-24	4.5e-01	1.00000	1.00000	0.460599	0.468514
-23.9	4.4e-01	1.00000	1.00000	0.455804	0.464048
-23.8	4.4e-01	1.00000	1.00000	0.450981	0.459545
-23.7	4.3e-01	1.00000	1.00000	0.446166	0.454997
-23.6	4.3e-01	1.00000	1.00000	0.441342	0.450416
-23.5	4.2e-01	1.00000	1.00000	0.436531	 0.4458
-23.4	4.2e-01	1.00000	1.00000	0.431691	0.441168
-23.3	4.1e-01	1.00000	1.00000	0.426797	0.436497
-23.2	4.1e-01	1.00000	1.00000	0.421946	0.431794
-23.1	4.0e-01	1.00000	1.00000	0.417141	0.427092
-23	4.0e-01	1.00000	1.00000	0.412326	0.422319
-22.9	3.9e-01	1.00000	1.00000	0.407525	0.41758
-22.8	3.9e-01	1.00000	1.00000	0.402769	0.412806
-22.7	3.8e-01	1.00000	1.00000	0.397988	0.408016
-22.6	3.8e-01	1.00000	1.00000	0.393213	0.403213
-22.5	3.7e-01	1.00000	1.00000	0.388434	0.398383
-22.4	3.7e-01	1.00000	1.00000	0.383682	0.393542
-22.3	3.6e-01	1.00000	1.00000	0.37897	0.388687
-22.2	3.6e-01	1.00000	1.00000	0.374244	0.383821
-22.1	3.6e-01	1.00000	1.00000	0.369558	0.378932
-22	3.5e-01	1.00000	1.00000	0.364861	0.374029
-21.9	3.5e-01	1.00000	1.00000	0.360175	0.369108
-21.8	3.4e-01	1.00000	1.00000	0.355519	0.364189
-21.7	3.4e-01	1.00000	1.00000	0.350872	0.359273
-21.6	3.3e-01	1.00000	1.00000	0.346225	0.354375
-21.5	3.3e-01	1.00000	1.00000	0.341581	0.349492
-21.4	3.2e-01	1.00000	1.00000	0.336979	0.344605
-21.3	3.2e-01	1.00000	1.00000	0.332434	0.339781
-21.2	3.2e-01	1.00000	1.00000	0.32791	0.334963
-21.1	3.1e-01	1.00000	1.00000	0.323379	0.33021
-21	3.1e-01	1.00000	1.00000	0.318885	0.325516
-20.9	3.0e-01	1.00000	1.00000	0.314467	0.320872
-20.8	3.0e-01	1.00000	1.00000	0.310031	0.316316
-20.7	2.9e-01	1.00000	1.00000	0.305677	0.311831
-20.6	2.9e-01	1.00000	1.00000	0.301405	0.307403
-20.5	2.9e-01	1.00000	1.00000	0.297192	0.30309
-20.4	2.8e-01	1.00000	1.00000	0.293042	0.298867
-20.3	2.8e-01	1.00000	1.00000	0.289005	0.294729
-20.2	2.7e-01	1.00000	1.00000	0.285007	0.290705
-20.1	2.7e-01	1.00000	1.00000	0.281108	0.286815
-20	2.7e-01	1.00000	1.00000	0.277307	0.283032
-19.9	2.6e-01	1.00000	1.00000	0.273597	0.279357
-19.8	2.6e-01	1.00000	1.00000	0.269969	0.275824
-19.7	2.6e-01	1.00000	1.00000	0.26643	0.272403
-19.6	2.5e-01	1.00000	1.00000	0.262972	0.269086
-19.5	2.5e-01	1.00000	1.00000	0.259573	0.265863
-19.4	2.5e-01	1.00000	1.00000	0.256195	0.262761
-19.3	2.4e-01	1.00000	1.00000	0.25296	0.259761
-19.2	2.4e-01	1.00000	1.00000	0.249831	0.256846
-19.1	2.4e-01	1.00000	1.00000	0.246741	0.254016
-19	2.3e-01	1.00000	1.00000	0.243714	0.251229
-18.9	2.3e-01	1.00000	1.00000	0.240729	 0.2485
-18.8	2.3e-01	1.00000	1.00000	0.237795	0.245808
-18.7	2.3e-01	1.00000	1.00000	0.234906	0.243201
-18.6	2.2e-01	1.00000	1.00000	0.232058	0.240612
-18.5	2.2e-01	1.00000	1.00000	0.229219	0.238036
-18.4	2.2e-01	1.00000	1.00000	0.226389	0.235486
-18.3	2.1e-01	1.00000	1.00000	0.223552	0.232952
-18.2	2.1e-01	1.00000	1.00000	0.220754	0.23041
-18.1	2.1e-01	1.00000	1.00000	0.217929	0.227887
-18	2.1e-01	1.00000	1.00000	0.215075	0.225321
-17.9	2.0e-01	1.00000	1.00000	0.212231	0.222743
-17.8	2.0e-01	1.00000	1.00000	0.209347	0.220143
-17.7	2.0e-01	1.00000	1.00000	0.206471	0.217519
-17.6	1.9e-01	1.00000	1.00000	0.20355	0.214879
-17.5	1.9e-01	1.00000	1.00000	0.200618	0.212188
-17.4	1.9e-01	1.00000	1.00000	0.197632	0.209487
-17.3	1.9e-01	1.00000	1.00000	0.194648	0.206745
-17.2	1.8e-01	1.00000	1.00000	0.191655	0.203991
-17.1	1.8e-01	1.00000	1.00000	0.188655	0.201206
-17	1.8e-01	1.00000	1.00000	0.185648	0.19838
-16.9	1.7e-01	1.00000	1.00000	0.182634	0.195563
-16.8	1.7e-01	1.00000	1.00000	0.179604	0.192717
-16.7	1.7e-01	1.00000	1.00000	0.176617	0.189837
-16.6	1.7e-01	1.00000	1.00000	0.173618	0.186967
-16.5	1.6e-01	1.00000	1.00000	0.17062	0.184102
-16.4	1.6e-01	1.00000	1.00000	0.167607	0.181218
-16.3	1.6e-01	1.00000	1.00000	0.164613	0.178332
-16.2	1.5e-01	1.00000	1.00000	0.161672	0.175458
-16.1	1.5e-01	1.00000	1.00000	0.158712	0.17259
-16	1.5e-01	1.00000	1.00000	0.155785	0.169716
-15.9	1.5e-01	1.00000	1.00000	0.152883	0.166842
-15.8	1.4e-01	1.00000	1.00000	0.150004	0.16398
-15.7	1.4e-01	1.00000	1.00000	0.14715	0.161126
-15.6	1.4e-01	1.00000	1.00000	0.144313	0.158278
-15.5	1.3e-01	1.00000	1.00000	0.141502	0.155434
-15.4	1.3e-01	1.00000	1.00000	0.138707	0.152598
-15.3	1.3e-01	1.00000	1.00000	0.135954	0.149784
-15.2	1.3e-01	1.00000	1.00000	0.133219	0.146964
-15.1	1.2e-01	1.00000	1.00000	0.130502	0.14417
-15	1.2e-01	1.00000	1.00000	0.127822	0.141382
-14.9	1.2e-01	1.00000	1.00000	0.125118	0.138594
-14.8	1.2e-01	1.00000	1.00000	0.122484	0.135821
-14.7	1.1e-01	1.00000	1.00000	0.119885	0.133047
-14.6	1.1e-01	1.00000	1.00000	0.117286	0.130291
-14.5	1.1e-01	1.00000	1.00000	0.11473	0.127541
-14.4	1.1e-01	1.00000	1.00000	0.112186	0.124808
-14.3	1.0e-01	1.00000	1.00000	0.109683	0.122083
-14.2	1.0e-01	1.00000	1.00000	0.10721	0.119386
-14.1	1.0e-01	1.00000	1.00000	0.104702	0.116696
-14	9.8e-02	1.00000	1.00000	0.102259	0.11403
-13.9	9.6e-02	1.00000	1.00000	0.0998606	0.111428
-13.8	9.4e-02	1.00000	1.00000	0.0975051	0.108862
-13.7	9.2e-02	1.00000	1.00000	0.0951989	0.106302
-13.6	8.9e-02	1.00000	1.00000	0.092927	0.103826
-13.5	8.7e-02	1.00000	1.00000	0.0906729	0.101399
-13.4	8.6e-02	1.00000	1.00000	0.0875769	0.0990625
-13.3	8.4e-02	1.00000	1.00000	0.0854915	0.0958891
-13.2	8.2e-02	1.00000	1.00000	0.0834484	0.0936573
-13.1	8.0e-02	1.00000	1.00000	0.081431	0.0915253
-13	7.8e-02	1.00000	1.00000	0.079493	0.0894371
-12.9	7.7e-02	1.00000	1.00000	0.0776535	0.0874651
-12.8	7.5e-02	1.00000	1.00000	0.0758807	0.0855924
-12.7	7.3e-02	1.00000	1.00000	0.0741735	0.0838006
-12.6	7.2e-02	1.00000	1.00000	0.0725509	0.0820963
-12.5	7.0e-02	1.00000	1.00000	0.0710062	0.0804546
-12.4	6.9e-02	1.00000	1.00000	0.0695461	0.0789058
-12.3	6.8e-02	1.00000	1.00000	0.0681438	0.0774019
-12.2	6.6e-02	1.00000	1.00000	0.0667878	0.0759789
-12.1	6.5e-02	1.00000	1.00000	0.0655024	0.0746381
-12	6.4e-02	1.00000	1.00000	0.0642625	0.0733483
-11.9	6.3e-02	1.00000	1.00000	0.0630948	0.07211
-11.8	6.2e-02	1.00000	1.00000	0.0619761	0.0709282
-11.7	6.1e-02	1.00000	1.00000	0.0608967	0.0697783
-11.6	6.0e-02	1.00000	1.00000	0.0598665	0.0686875
-11.5	5.9e-02	1.00000	1.00000	0.0588613	0.067628
-11.4	5.8e-02	1.00000	1.00000	0.0578972	0.0665665
-11.3	5.7e-02	1.00000	1.00000	0.0569636	0.0655726
-11.2	5.6e-02	1.00000	1.00000	0.0560428	0.0645867
-11.1	5.5e-02	1.00000	1.00000	0.0551343	0.0636207
-11	5.4e-02	1.00000	1.00000	0.0542293	0.0626693
-10.9	5.3e-02	1.00000	1.00000	0.0533339	0.061734
-10.8	5.2e-02	1.00000	1.00000	0.0524341	0.0608132
-10.7	5.1e-02	1.00000	1.00000	0.0515515	0.0598784
-10.6	5.0e-02	1.00000	1.00000	0.0506623	0.0589517
-10.5	4.9e-02	1.00000	1.00000	0.0497847	0.0580306
-10.4	4.8e-02	1.00000	1.00000	0.048891	0.0570969
-10.3	4.8e-02	1.00000	1.00000	0.0479916	0.056171
-10.2	4.7e-02	1.00000	1.00000	0.0470856	0.0552238
-10.1	4.6e-02	1.00000	1.00000	0.0461721	0.0542784
-10	4.5e-02	1.00000	1.00000	0.0452707	0.0533219
-9.9	4.4e-02	1.00000	1.00000	0.0443644	0.052363
-9.8	4.3e-02	1.00000	1.00000	0.0434511	0.0513934
-9.7	4.2e-02	1.00000	1.00000	0.042534	0.0504211
-9.6	4.1e-02	1.00000	1.00000	0.0415915	0.0494408
-9.5	4.0e-02	1.00000	1.00000	0.0406712	0.0484476
-9.4	3.9e-02	1.00000	1.00000	0.0397651	0.0474628
-9.3	3.8e-02	1.00000	1.00000	0.0388453	0.0464773
-9.2	3.7e-02	1.00000	1.00000	0.0379271	0.0455018
-9.1	3.6e-02	1.00000	1.00000	0.0370263	0.0445203
-9	3.5e-02	1.00000	1.00000	0.036117	0.0435445
-8.9	3.5e-02	1.00000	1.00000	0.0352179	0.0425677
-8.8	3.4e-02	1.00000	1.00000	0.0343231	0.0415925
-8.7	3.3e-02	1.00000	1.00000	0.0334419	0.0406358
-8.6	3.2e-02	1.00000	1.00000	0.0325728	0.0396737
-8.5	3.1e-02	1.00000	1.00000	0.0317193	0.0387118
-8.4	3.0e-02	1.00000	1.00000	0.030869	0.0377664
-8.3	3.0e-02	1.00000	1.00000	0.0300285	0.0368293
-8.2	2.9e-02	1.00000	1.00000	0.0292049	0.0358926
-8.1	2.8e-02	1.00000	1.00000	0.0283912	0.0349667
-8	2.7e-02	1.00000	1.00000	0.0275883	0.0340518
-7.9	2.6e-02	1.00000	1.00000	0.0267995	0.0331363
-7.8	2.6e-02	1.00000	1.00000	0.0260181	0.0322366
-7.7	2.5e-02	1.00000	1.00000	0.0252619	0.0313457
-7.6	2.4e-02	1.00000	1.00000	0.0245138	0.0304568
-7.5	2.3e-02	1.00000	1.00000	0.0237718	0.0295809
-7.4	2.3e-02	1.00000	1.00000	0.0230412	0.0287101
-7.3	2.2e-02	1.00000	1.00000	0.0223187	0.0278591
-7.2	2.1e-02	1.00000	1.00000	0.021616	0.0270091
-7.1	2.1e-02	1.00000	1.00000	0.0209194	0.0261731
-7	2.0e-02	1.00000	1.00000	0.0202085	0.0253487
-6.9	1.9e-02	1.00000	1.00000	0.0195258	0.0245243
-6.8	1.9e-02	1.00000	1.00000	0.0188577	0.0237202
-6.7	1.8e-02	1.00000	1.00000	0.0182047	0.0229264
-6.6	1.7e-02	1.00000	1.00000	0.0175579	0.0221419
-6.5	1.7e-02	1.00000	1.00000	0.0169347	0.0213783
-6.4	1.6e-02	1.00000	1.00000	0.016318	0.0206191
-6.3	1.6e-02	1.00000	1.00000	0.0157074	0.0199038
-6.2	1.5e-02	1.00000	1.00000	0.0151137	0.0192001
-6.1	1.5e-02	1.00000	1.00000	0.0145578	0.0185242
-6	1.4e-02	1.00000	1.00000	0.0140146	0.017869
-5.9	1.4e-02	1.00000	1.00000	0.0134809	0.0172386
-5.8	1.3e-02	1.00000	1.00000	0.0129697	0.0166379
-5.7	1.3e-02	1.00000	1.00000	0.0124664	0.0160559
-5.6	1.2e-02	1.00000	1.00000	0.0119935	0.0155056
-5.5	1.2e-02	1.00000	1.00000	0.0115533	0.0149682
-5.4	1.1e-02	1.00000	1.00000	0.0111307	0.0144826
-5.3	1.1e-02	1.00000	1.00000	0.010731	0.0140136
-5.2	1.1e-02	1.00000	1.00000	0.0103515	0.0135711
-5.1	1.0e-02	1.00000	1.00000	0.0100024	0.0131645
-5	1.0e-02	1.00000	1.00000	0.00968256	0.0127822
-4.9	9.8e-03	1.00000	1.00000	0.0093891	0.0124235
-4.8	9.6e-03	1.00000	1.00000	0.00910146	0.012094
-4.7	9.3e-03	1.00000	1.00000	0.00883489	0.0117684
-4.6	9.1e-03	1.00000	1.00000	0.00858283	0.011479
-4.5	8.9e-03	1.00000	1.00000	0.00835621	0.0112006
-4.4	8.6e-03	1.00000	1.00000	0.00815935	0.0109433
-4.3	8.5e-03	1.00000	1.00000	0.00796855	0.0107048
-4.2	8.3e-03	1.00000	1.00000	0.00778555	0.0104733
-4.1	8.1e-03	1.00000	1.00000	0.00761975	0.0102538
-4	7.9e-03	1.00000	1.00000	0.00746064	0.0100451
-3.9	7.7e-03	1.00000	1.00000	0.00731273	0.00983922
-3.8	7.6e-03	1.00000	1.00000	0.00716247	0.00964123
-3.7	7.4e-03	1.00000	1.00000	0.00702043	0.00945291
-3.6	7.3e-03	1.00000	1.00000	0.00688685	0.00926906
-3.5	7.1e-03	1.00000	1.00000	0.00675448	0.00908425
-3.4	7.0e-03	1.00000	1.00000	0.00662225	0.0089036
-3.3	6.8e-03	1.00000	1.00000	0.0064854	0.008726
-3.2	6.7e-03	1.00000	1.00000	0.00635841	0.00855215
-3.1	6.5e-03	1.00000	1.00000	0.00622709	0.0083835
-3	6.4e-03	1.00000	1.00000	0.00609654	0.00821102
-2.9	6.2e-03	1.00000	1.00000	0.00595936	0.00803609
-2.8	6.1e-03	1.00000	1.00000	0.00582886	0.0078658
-2.7	6.0e-03	1.00000	1.00000	0.00569364	0.00769063
-2.6	5.8e-03	1.00000	1.00000	0.00556867	0.00751548
-2.5	5.7e-03	1.00000	1.00000	0.0054387	0.00733932
-2.4	5.5e-03	1.00000	1.00000	0.00530945	0.007166
-2.3	5.4e-03	1.00000	1.00000	0.00517967	0.00699204
-2.2	5.2e-03	1.00000	1.00000	0.00504172	0.00682206
-2.1	5.1e-03	1.00000	1.00000	0.00491276	0.00664763
-2	5.0e-03	1.00000	1.00000	0.00477904	0.00647129
-1.9	4.8e-03	1.00000	1.00000	0.00464368	0.00629672
-1.8	4.7e-03	1.00000	1.00000	0.0045101	0.00612424
-1.7	4.5e-03	1.00000	1.00000	0.00438383	0.00595226
-1.6	4.4e-03	1.00000	1.00000	0.00425583	0.00577921
-1.5	4.2e-03	1.00000	1.00000	0.00412278	0.0056158
-1.4	4.1e-03	1.00000	1.00000	0.00399584	0.00544856
-1.3	4.0e-03	1.00000	1.00000	0.00386755	0.00528462
-1.2	3.8e-03	1.00000	1.00000	0.0037371	0.0051207
-1.1	3.7e-03	1.00000	1.00000	0.00361165	0.00495808
-1	3.6e-03	1.00000	1.00000	0.00349134	0.0047976
-0.9	3.5e-03	1.00000	1.00000	0.00337469	0.00463531
-0.8	3.3e-03	1.00000	1.00000	0.00326121	0.00447529
-0.7	3.2e-03	1.00000	1.00000	0.0031499	0.00431512
-0.6	3.1e-03	1.00000	1.00000	0.00303805	0.0041612
-0.5	3.0e-03	1.00000	1.00000	0.00293309	0.0040089
-0.4	2.9e-03	1.00000	1.00000	0.00282749	0.00385844
-0.3	2.8e-03	1.00000	1.00000	0.00272483	0.00370933
-0.2	2.6e-03	1.00000	1.00000	0.00261914	0.00356311
-0.1	2.5e-03	1.00000	1.00000	0.0025174	0.00342164
0	2.4e-03	1.00000	1.00000	0.00241623	0.00328153
0.1	2.3e-03	1.00000	1.00000	0.00232011	0.00314083
0.2	2.2e-03	1.00000	1.00000	0.00222375	0.00300459
0.3	2.1e-03	1.00000	1.00000	0.00213104	0.00286945
0.4	2.0e-03	1.00000	1.00000	0.00203983	0.00273815
0.5	1.9e-03	1.00000	1.00000	0.00195106	0.00261042
0.6	1.9e-03	1.00000	1.00000	0.00186143	0.00248629
0.7	1.8e-03	1.00000	1.00000	0.00177161	0.00236281
0.8	1.7e-03	1.00000	1.00000	0.00168977	0.00223865
0.9	1.6e-03	1.00000	1.00000	0.00160414	0.00212472
1	1.5e-03	1.00000	1.00000	0.00152239	0.0020142
1.1	1.4e-03	1.00000	1.00000	0.00144402	0.00190656
1.2	1.3e-03	1.00000	1.00000	0.00136232	0.0018046
1.3	1.3e-03	1.00000	1.00000	0.00128481	0.00170557
1.4	1.2e-03	1.00000	1.00000	0.00121037	0.00161469
1.5	1.1e-03	1.00000	1.00000	0.00113661	0.00152905
1.6	1.1e-03	1.00000	1.00000	0.00107208	0.00144539
1.7	1.0e-03	1.00000	1.00000	0.0010103	0.00136658
1.8	9.6e-04	1.00000	1.00000	0.000949999	0.0012794
1.9	9.1e-04	1.00000	1.00000	0.000892153	0.0012096
2	8.6e-04	1.00000	1.00000	0.000839261	0.00114681
2.1	8.1e-04	1.00000	1.00000	0.000789926	0.0010875
2.2	7.7e-04	1.00000	1.00000	0.000746362	0.00103165
2.3	7.3e-04	1.00000	1.00000	0.000702221	0.000979907
2.4	6.9e-04	1.00000	1.00000	0.00066409	0.000932905
2.5	6.6e-04	1.00000	1.00000	0.000628412	0.000889268
2.6	6.3e-04	1.00000	1.00000	0.000595907	0.000849118
2.7	6.0e-04	1.00000	1.00000	0.000566191	0.000813295
2.8	5.8e-04	1.00000	1.00000	0.000537196	0.000780622
2.9	5.5e-04	1.00000	1.00000	0.000512192	0.000749944
3	5.3e-04	1.00000	1.00000	0.000491805	0.000723186
3.1	5.1e-04	1.00000	1.00000	0.000473869	0.000697172
3.2	4.9e-04	1.00000	1.00000	0.000457905	0.000674741
3.3	4.8e-04	1.00000	1.00000	0.00044223	0.000652983
3.4	4.6e-04	1.00000	1.00000	0.000427516	0.000632571
3.5	4.5e-04	1.00000	1.00000	0.000405878	0.000615814
3.6	4.4e-04	1.00000	1.00000	0.000395156	0.000598407
3.7	4.2e-04	1.00000	1.00000	0.000385154	0.000582804
3.8	4.1e-04	1.00000	1.00000	0.00037246	0.000567032
3.9	4.0e-04	1.00000	1.00000	0.000362843	0.000551742
4	3.9e-04	1.00000	1.00000	0.00035438	0.000536403
4.1	3.8e-04	1.00000	1.00000	0.000347312	0.000521953
4.2	3.7e-04	1.00000	1.00000	0.000328559	0.000508009
4.3	3.6e-04	1.00000	1.00000	0.000323462	0.00049493
4.4	3.5e-04	1.00000	1.00000	0.000315913	0.00048214
4.5	3.5e-04	0.99730	1.00000	0.000308844	0.000469734
4.6	3.4e-04	0.99730	0.99741	0.000302497	0.000457641
4.7	3.3e-04	0.99730	0.99741	0.000295669	0.000445019
4.8	3.2e-04	0.99730	0.99741	0.000289467	0.00043206
4.9	3.1e-04	0.99730	0.99741	0.000284081	0.000420953
5	3.0e-04	0.99459	0.99482	0.000277397	0.000408018
5.1	2.9e-04	0.99189	0.99223	0.000271147	0.000394939
5.2	2.8e-04	0.99189	0.99223	0.000264174	0.000382678
5.3	2.7e-04	0.99189	0.98964	0.000257202	0.000370008
5.4	2.6e-04	0.99189	0.98964	0.000249845	0.000358155
5.5	2.6e-04	0.98919	0.98964	0.000242344	0.000346591
5.6	2.5e-04	0.98919	0.98705	0.00023566	0.000335026
5.7	2.4e-04	0.98378	0.98705	0.000229458	0.000324111
5.8	2.3e-04	0.98108	0.98187	0.000221764	0.000313677
5.9	2.2e-04	0.98108	0.97927	0.000214455	0.000302017
6	2.1e-04	0.98108	0.97668	0.000207435	0.000289899
6.1	2.0e-04	0.97568	0.97668	0.000200607	0.000278095
6.2	2.0e-04	0.97568	0.97409	0.000193539	0.000266843
6.3	1.9e-04	0.97027	0.96373	0.000186999	0.000254798
6.4	1.8e-04	0.95946	0.95855	0.000181133	0.000243979
6.5	1.7e-04	0.94595	0.95337	0.000174882	0.000233545
6.6	1.6e-04	0.93514	0.94041	0.000169112	0.000223399
6.7	1.6e-04	0.93514	0.93264	0.000161947	0.000213638
6.8	1.5e-04	0.92703	0.92746	0.0001556	0.000204622
6.9	1.4e-04	0.92703	0.92746	0.000149686	0.000194861
7	1.4e-04	0.92162	0.92228	0.000143627	0.000185533
7.1	1.3e-04	0.90811	0.90933	0.000138771	0.000174978
7.2	1.2e-04	0.88378	0.88860	0.000132712	0.000165361
7.3	1.2e-04	0.86216	0.88083	0.00012776	0.000157043
7.4	1.1e-04	0.84865	0.85492	0.000122134	0.000147883
7.5	1.0e-04	0.82973	0.82124	0.000116508	0.0001393
7.6	9.8e-05	0.80270	0.81088	0.000110738	0.000130789
7.7	9.2e-05	0.78378	0.77979	0.000104968	0.000121701
7.8	8.7e-05	0.76486	0.75389	0.000100832	0.000114008
7.9	8.1e-05	0.74324	0.73575	9.53509E-05	0.000106362
8	7.6e-05	0.71892	0.71762	9.06386E-05	9.96063e-05
8.1	7.1e-05	0.69459	0.68394	8.59264E-05	9.22735e-05
8.2	6.6e-05	0.65676	0.66580	8.0541E-05	8.53253e-05
8.3	6.0e-05	0.61081	0.64508	7.55883E-05	7.8305e-05
8.4	5.6e-05	0.60811	0.61917	7.05875E-05	7.20541e-05
8.5	5.1e-05	0.59459	0.59585	6.46732E-05	6.55387e-05
8.6	4.7e-05	0.56216	0.56995	5.97205E-05	6.01773e-05
8.7	4.3e-05	0.52973	0.55181	5.53929E-05	5.49121e-05
8.8	3.9e-05	0.50000	0.52850	5.06807E-05	5.00316e-05
8.9	3.5e-05	0.46757	0.48705	4.57761E-05	4.52231e-05
9	3.1e-05	0.44595	0.45855	4.08234E-05	3.98618e-05
9.1	2.9e-05	0.42703	0.44301	3.68325E-05	3.55823e-05
9.2	2.5e-05	0.41081	0.41969	3.29376E-05	3.15192e-05
9.3	2.2e-05	0.38649	0.39896	2.93313E-05	2.79609e-05
9.4	2.0e-05	0.36486	0.37824	2.65905E-05	2.43546e-05
9.5	1.7e-05	0.32703	0.34974	2.39459E-05	2.13734e-05
9.6	1.5e-05	0.30811	0.33420	2.10609E-05	1.90654e-05
9.7	1.3e-05	0.29189	0.31606	1.81758E-05	1.63727e-05
9.8	1.1e-05	0.26216	0.29016	1.55793E-05	1.39204e-05
9.9	9.6e-06	0.24054	0.26684	1.32231E-05	1.1973e-05
10	8.1e-06	0.21622	0.21244	1.05304E-05	9.83321e-06
10.1	6.9e-06	0.18649	0.19171	8.7994E-06	8.24643e-06
10.2	5.8e-06	0.14595	0.17358	7.74155E-06	6.94816e-06
10.3	4.8e-06	0.12162	0.13472	6.29902E-06	5.67393e-06
10.4	3.9e-06	0.09189	0.11140	5.04884E-06	4.73629e-06
10.5	3.2e-06	0.07568	0.09585	4.18332E-06	3.60631e-06
10.6	2.6e-06	0.06486	0.08808	3.17355E-06	3.0293e-06
10.7	2.1e-06	0.05946	0.06736	2.59654E-06	2.33208e-06
10.8	1.7e-06	0.04865	0.06218	1.92337E-06	1.8272e-06
10.9	1.3e-06	0.04054	0.05181	1.58678E-06	1.53869e-06
11	9.9e-07	0.03514	0.04922	1.39444E-06	1.27423e-06
11.1	7.9e-07	0.02432	0.03627	1.10594E-06	9.85725e-07
11.2	6.0e-07	0.01892	0.03109	9.13599E-07	7.45304e-07
11.3	4.5e-07	0.01622	0.02850	5.7701E-07	6.73178e-07
11.4	3.3e-07	0.00811	0.01813	3.36589E-07	5.7701e-07
11.5	2.4e-07	0.00811	0.01554	2.40421E-07	4.08715e-07
11.6	1.8e-07	0.00541	0.01295	1.92337E-07	3.36589e-07
11.7	1.3e-07	0.00541	0.00777	1.44252E-07	2.16379e-07
11.8	9.2e-08	0.00541	0.00518	4.80841E-08	9.61683e-08
11.9	6.4e-08	0.00541	0.00518	0	7.21262e-08
12	4.4e-08	0.00541	0.00518	<NULL>	<NULL>
12.1	2.9e-08	0.00270	0.00518	<NULL>	<NULL>
12.2	2.0e-08	0.00270	0.00518	<NULL>	<NULL>
12.3	1.3e-08	0.00270	0.00259	<NULL>	<NULL>
12.4	7.6e-09	<NULL>	0.00259	<NULL>	<NULL>
12.5	5.2e-09	<NULL>	0.00259	<NULL>	<NULL>
12.6	3.5e-09	<NULL>	<NULL>	<NULL>	<NULL>
12.7	1.5e-09	<NULL>	<NULL>	<NULL>	<NULL>
12.8	1.2e-09	<NULL>	<NULL>	<NULL>	<NULL>
12.9	7.1e-10	<NULL>	<NULL>	<NULL>	<NULL>
13	3.8e-10	<NULL>	<NULL>	<NULL>	<NULL>
13.1	2.1e-10	<NULL>	<NULL>	<NULL>	<NULL>
13.2	9.1e-11	<NULL>	<NULL>	<NULL>	<NULL>
13.3	3.9e-11	<NULL>	<NULL>	<NULL>	<NULL>
13.4	3.9e-11	<NULL>	<NULL>	<NULL>	<NULL>
13.5	3.9e-11	<NULL>	<NULL>	<NULL>	<NULL>
