#key	theor	matrix_sites_cv_loo	matrix_sites	sequence_set1	sequence_set1_2perm
-51.4	<NULL>	<NULL>	<NULL>	<NULL>	      1
-51.3	<NULL>	<NULL>	<NULL>	<NULL>	      1
-51.2	<NULL>	<NULL>	<NULL>	<NULL>	      1
-51.1	<NULL>	<NULL>	<NULL>	<NULL>	      1
-51	1.0e+00	<NULL>	<NULL>	1	0.999999
-50.9	1.0e+00	<NULL>	<NULL>	1	0.999999
-50.8	1.0e+00	<NULL>	<NULL>	1	0.999999
-50.7	1.0e+00	<NULL>	<NULL>	0.999997	0.999999
-50.6	1.0e+00	<NULL>	<NULL>	0.999996	0.999998
-50.5	1.0e+00	<NULL>	<NULL>	0.999992	0.999996
-50.4	1.0e+00	<NULL>	<NULL>	0.99999	0.999995
-50.3	1.0e+00	<NULL>	<NULL>	0.999981	0.999979
-50.2	1.0e+00	<NULL>	<NULL>	0.999976	0.999976
-50.1	1.0e+00	<NULL>	<NULL>	0.999963	0.999968
-50	1.0e+00	<NULL>	<NULL>	0.999948	0.999962
-49.9	1.0e+00	<NULL>	<NULL>	0.999929	0.999954
-49.8	1.0e+00	<NULL>	<NULL>	0.999911	0.999945
-49.7	1.0e+00	<NULL>	<NULL>	0.999875	0.999936
-49.6	1.0e+00	1.00000	1.00000	0.999834	0.999926
-49.5	1.0e+00	1.00000	1.00000	0.999793	0.999917
-49.4	1.0e+00	1.00000	1.00000	0.999747	0.999899
-49.3	1.0e+00	1.00000	1.00000	0.999691	0.999885
-49.2	1.0e+00	1.00000	1.00000	0.999628	0.999863
-49.1	1.0e+00	1.00000	1.00000	0.999574	0.999843
-49	1.0e+00	1.00000	1.00000	0.999513	0.999825
-48.9	1.0e+00	1.00000	1.00000	0.999454	0.999803
-48.8	1.0e+00	1.00000	1.00000	0.999387	0.999785
-48.7	1.0e+00	1.00000	1.00000	0.999333	0.999767
-48.6	1.0e+00	1.00000	1.00000	0.999266	0.999747
-48.5	1.0e+00	1.00000	1.00000	0.999209	0.999722
-48.4	1.0e+00	1.00000	1.00000	0.999158	0.999697
-48.3	1.0e+00	1.00000	1.00000	0.999101	0.999664
-48.2	1.0e+00	1.00000	1.00000	0.999051	0.999635
-48.1	1.0e+00	1.00000	1.00000	0.998999	0.999604
-48	1.0e+00	1.00000	1.00000	0.998956	0.999574
-47.9	1.0e+00	1.00000	1.00000	0.998902	0.999542
-47.8	1.0e+00	1.00000	1.00000	0.998855	0.999502
-47.7	1.0e+00	1.00000	1.00000	0.998803	0.999462
-47.6	1.0e+00	1.00000	1.00000	0.998755	0.999421
-47.5	1.0e+00	1.00000	1.00000	0.998695	0.999375
-47.4	1.0e+00	1.00000	1.00000	0.998642	0.999331
-47.3	1.0e+00	1.00000	1.00000	0.998583	0.999279
-47.2	1.0e+00	1.00000	1.00000	0.998523	0.999225
-47.1	1.0e+00	1.00000	1.00000	0.998439	0.999164
-47	1.0e+00	1.00000	1.00000	0.998365	0.999108
-46.9	1.0e+00	1.00000	1.00000	0.99828	0.999043
-46.8	1.0e+00	1.00000	1.00000	0.998187	0.998979
-46.7	1.0e+00	1.00000	1.00000	0.998104	0.998907
-46.6	1.0e+00	1.00000	1.00000	0.998006	0.998837
-46.5	1.0e+00	1.00000	1.00000	0.997893	0.998758
-46.4	1.0e+00	1.00000	1.00000	0.997776	0.998669
-46.3	1.0e+00	1.00000	1.00000	0.997645	0.998582
-46.2	1.0e+00	1.00000	1.00000	0.997509	0.998486
-46.1	1.0e+00	1.00000	1.00000	0.997359	0.998389
-46	1.0e+00	1.00000	1.00000	0.997211	0.998286
-45.9	1.0e+00	1.00000	1.00000	0.997049	0.998173
-45.8	1.0e+00	1.00000	1.00000	0.996872	0.99806
-45.7	1.0e+00	1.00000	1.00000	0.996686	0.997928
-45.6	1.0e+00	1.00000	1.00000	0.99648	0.997787
-45.5	1.0e+00	1.00000	1.00000	0.996276	0.997631
-45.4	1.0e+00	1.00000	1.00000	0.995937	0.997471
-45.3	1.0e+00	1.00000	1.00000	0.995711	0.997305
-45.2	1.0e+00	1.00000	1.00000	0.995477	0.997127
-45.1	1.0e+00	1.00000	1.00000	0.995238	0.996943
-45	1.0e+00	1.00000	1.00000	0.994967	0.996754
-44.9	9.9e-01	1.00000	1.00000	0.99472	0.996572
-44.8	9.9e-01	1.00000	1.00000	0.994452	0.996367
-44.7	9.9e-01	1.00000	1.00000	0.994166	0.996159
-44.6	9.9e-01	1.00000	1.00000	0.993876	0.995949
-44.5	9.9e-01	1.00000	1.00000	0.99359	0.995728
-44.4	9.9e-01	1.00000	1.00000	0.993307	0.995507
-44.3	9.9e-01	1.00000	1.00000	0.992994	0.995267
-44.2	9.9e-01	1.00000	1.00000	0.992665	0.995032
-44.1	9.9e-01	1.00000	1.00000	0.992336	0.994793
-44	9.9e-01	1.00000	1.00000	0.992004	0.994538
-43.9	9.9e-01	1.00000	1.00000	0.991678	0.994297
-43.8	9.9e-01	1.00000	1.00000	0.991348	0.994037
-43.7	9.9e-01	1.00000	1.00000	0.991014	0.993763
-43.6	9.9e-01	1.00000	1.00000	0.990659	0.993485
-43.5	9.9e-01	1.00000	1.00000	0.990306	0.993223
-43.4	9.9e-01	1.00000	1.00000	0.989929	0.992934
-43.3	9.9e-01	1.00000	1.00000	0.989544	0.992604
-43.2	9.9e-01	1.00000	1.00000	0.989164	0.992294
-43.1	9.9e-01	1.00000	1.00000	0.988768	0.991973
-43	9.9e-01	1.00000	1.00000	0.988382	0.991623
-42.9	9.9e-01	1.00000	1.00000	0.987982	0.99128
-42.8	9.9e-01	1.00000	1.00000	0.987578	0.990911
-42.7	9.9e-01	1.00000	1.00000	0.987137	0.990554
-42.6	9.9e-01	1.00000	1.00000	0.986698	0.990182
-42.5	9.9e-01	1.00000	1.00000	0.9862	0.98981
-42.4	9.9e-01	1.00000	1.00000	0.985675	0.989426
-42.3	9.9e-01	1.00000	1.00000	0.985126	0.989021
-42.2	9.9e-01	1.00000	1.00000	0.984601	0.988615
-42.1	9.8e-01	1.00000	1.00000	0.984097	0.988213
-42	9.8e-01	1.00000	1.00000	0.983549	0.987771
-41.9	9.8e-01	1.00000	1.00000	0.983005	0.987333
-41.8	9.8e-01	1.00000	1.00000	0.982416	0.986869
-41.7	9.8e-01	1.00000	1.00000	0.981824	0.986392
-41.6	9.8e-01	1.00000	1.00000	0.981217	0.985902
-41.5	9.8e-01	1.00000	1.00000	0.980612	0.985438
-41.4	9.8e-01	1.00000	1.00000	0.980008	0.984926
-41.3	9.8e-01	1.00000	1.00000	0.979367	0.984428
-41.2	9.8e-01	1.00000	1.00000	0.978742	0.983911
-41.1	9.8e-01	1.00000	1.00000	0.9781	0.983364
-41	9.8e-01	1.00000	1.00000	0.977418	0.982797
-40.9	9.8e-01	1.00000	1.00000	0.976747	0.982227
-40.8	9.8e-01	1.00000	1.00000	0.976066	0.981611
-40.7	9.8e-01	1.00000	1.00000	0.975347	0.98097
-40.6	9.7e-01	1.00000	1.00000	0.974627	0.980326
-40.5	9.7e-01	1.00000	1.00000	0.97389	0.979689
-40.4	9.7e-01	1.00000	1.00000	0.973106	0.979028
-40.3	9.7e-01	1.00000	1.00000	0.972368	0.978347
-40.2	9.7e-01	1.00000	1.00000	0.971544	0.977638
-40.1	9.7e-01	1.00000	1.00000	0.970749	0.97693
-40	9.7e-01	1.00000	1.00000	0.969941	0.97619
-39.9	9.7e-01	1.00000	1.00000	0.969085	0.975395
-39.8	9.7e-01	1.00000	1.00000	0.968229	0.974628
-39.7	9.7e-01	1.00000	1.00000	0.967303	0.973858
-39.6	9.7e-01	1.00000	1.00000	0.966358	0.973094
-39.5	9.7e-01	1.00000	1.00000	0.965394	0.972316
-39.4	9.6e-01	1.00000	1.00000	0.964415	0.971463
-39.3	9.6e-01	1.00000	1.00000	0.963409	0.970596
-39.2	9.6e-01	1.00000	1.00000	0.96239	0.96968
-39.1	9.6e-01	1.00000	1.00000	0.961331	0.96877
-39	9.6e-01	1.00000	1.00000	0.960233	0.967785
-38.9	9.6e-01	1.00000	1.00000	0.959126	0.966804
-38.8	9.6e-01	1.00000	1.00000	0.958001	0.965778
-38.7	9.6e-01	1.00000	1.00000	0.95684	0.964726
-38.6	9.6e-01	1.00000	1.00000	0.9556	0.963597
-38.5	9.5e-01	1.00000	1.00000	0.95437	0.962495
-38.4	9.5e-01	1.00000	1.00000	0.953095	0.961326
-38.3	9.5e-01	1.00000	1.00000	0.951802	0.96012
-38.2	9.5e-01	1.00000	1.00000	0.950437	0.958839
-38.1	9.5e-01	1.00000	1.00000	0.949077	0.957588
-38	9.5e-01	1.00000	1.00000	0.947671	0.956234
-37.9	9.5e-01	1.00000	1.00000	0.946197	0.954895
-37.8	9.4e-01	1.00000	1.00000	0.944656	0.953519
-37.7	9.4e-01	1.00000	1.00000	0.94307	0.952122
-37.6	9.4e-01	1.00000	1.00000	0.941539	0.950676
-37.5	9.4e-01	1.00000	1.00000	0.939985	0.949224
-37.4	9.4e-01	1.00000	1.00000	0.938357	0.947753
-37.3	9.4e-01	1.00000	1.00000	0.936724	0.946241
-37.2	9.3e-01	1.00000	1.00000	0.935086	0.944735
-37.1	9.3e-01	1.00000	1.00000	0.933449	0.943173
-37	9.3e-01	1.00000	1.00000	0.931765	0.941554
-36.9	9.3e-01	1.00000	1.00000	0.930087	0.939947
-36.8	9.3e-01	1.00000	1.00000	0.928381	0.938311
-36.7	9.2e-01	1.00000	1.00000	0.92666	0.936632
-36.6	9.2e-01	1.00000	1.00000	0.924864	0.934936
-36.5	9.2e-01	1.00000	1.00000	0.923133	0.933249
-36.4	9.2e-01	1.00000	1.00000	0.921373	0.931536
-36.3	9.2e-01	1.00000	1.00000	0.919635	0.929781
-36.2	9.2e-01	1.00000	1.00000	0.917881	0.92801
-36.1	9.1e-01	1.00000	1.00000	0.916087	0.926214
-36	9.1e-01	1.00000	1.00000	0.91433	0.924367
-35.9	9.1e-01	1.00000	1.00000	0.912576	0.922456
-35.8	9.1e-01	1.00000	1.00000	0.910762	0.920566
-35.7	9.1e-01	1.00000	1.00000	0.908916	0.918652
-35.6	9.0e-01	1.00000	1.00000	0.907082	0.91673
-35.5	9.0e-01	1.00000	1.00000	0.905089	0.91481
-35.4	9.0e-01	1.00000	1.00000	0.903161	0.912853
-35.3	9.0e-01	1.00000	1.00000	0.901153	0.910873
-35.2	9.0e-01	1.00000	1.00000	0.899123	0.90888
-35.1	8.9e-01	1.00000	1.00000	0.897017	0.906897
-35	8.9e-01	1.00000	1.00000	0.8949	0.904863
-34.9	8.9e-01	1.00000	1.00000	0.892743	0.902802
-34.8	8.9e-01	1.00000	1.00000	0.890621	0.90073
-34.7	8.8e-01	1.00000	1.00000	0.888448	0.898651
-34.6	8.8e-01	1.00000	1.00000	0.886217	0.896521
-34.5	8.8e-01	1.00000	1.00000	0.883953	0.894317
-34.4	8.8e-01	1.00000	1.00000	0.881695	0.892166
-34.3	8.8e-01	1.00000	1.00000	0.879392	0.889963
-34.2	8.7e-01	1.00000	1.00000	0.877033	0.887761
-34.1	8.7e-01	1.00000	1.00000	0.874624	0.885566
-34	8.7e-01	1.00000	1.00000	0.872218	0.883335
-33.9	8.7e-01	1.00000	1.00000	0.869793	0.881026
-33.8	8.6e-01	1.00000	1.00000	0.867387	0.878676
-33.7	8.6e-01	1.00000	1.00000	0.864901	0.876321
-33.6	8.6e-01	1.00000	1.00000	0.862367	0.873896
-33.5	8.6e-01	1.00000	1.00000	0.859885	0.871467
-33.4	8.5e-01	1.00000	1.00000	0.857346	0.869037
-33.3	8.5e-01	1.00000	1.00000	0.854813	0.866511
-33.2	8.5e-01	1.00000	1.00000	0.852299	0.864029
-33.1	8.5e-01	1.00000	1.00000	0.849736	0.861568
-33	8.4e-01	1.00000	1.00000	0.847168	0.859096
-32.9	8.4e-01	1.00000	1.00000	0.844521	0.856607
-32.8	8.4e-01	1.00000	1.00000	0.84186	0.854126
-32.7	8.3e-01	1.00000	1.00000	0.839131	0.851563
-32.6	8.3e-01	1.00000	1.00000	0.836452	0.849012
-32.5	8.3e-01	1.00000	1.00000	0.833727	0.846407
-32.4	8.3e-01	1.00000	1.00000	0.830943	0.843771
-32.3	8.2e-01	1.00000	1.00000	0.828089	0.841071
-32.2	8.2e-01	1.00000	1.00000	0.825241	0.838316
-32.1	8.2e-01	1.00000	1.00000	0.82238	0.835535
-32	8.1e-01	1.00000	1.00000	0.819493	0.832659
-31.9	8.1e-01	1.00000	1.00000	0.816573	0.829704
-31.8	8.1e-01	1.00000	1.00000	0.813586	0.826769
-31.7	8.0e-01	1.00000	1.00000	0.810567	0.823707
-31.6	8.0e-01	1.00000	1.00000	0.807442	0.82061
-31.5	8.0e-01	1.00000	1.00000	0.804308	0.817436
-31.4	7.9e-01	1.00000	1.00000	0.801127	0.814153
-31.3	7.9e-01	1.00000	1.00000	0.796587	0.810824
-31.2	7.9e-01	1.00000	1.00000	0.793276	0.806139
-31.1	7.8e-01	1.00000	1.00000	0.789664	0.802657
-31	7.8e-01	1.00000	1.00000	0.786267	0.798999
-30.9	7.8e-01	1.00000	1.00000	0.782741	0.795378
-30.8	7.7e-01	1.00000	1.00000	0.77922	0.791815
-30.7	7.7e-01	1.00000	1.00000	0.775606	0.788057
-30.6	7.7e-01	1.00000	1.00000	0.771962	0.784333
-30.5	7.6e-01	1.00000	1.00000	0.768226	0.780624
-30.4	7.6e-01	1.00000	1.00000	0.764541	0.776855
-30.3	7.5e-01	1.00000	1.00000	0.760777	0.773024
-30.2	7.5e-01	1.00000	1.00000	0.757011	0.769248
-30.1	7.5e-01	1.00000	1.00000	0.753086	0.765286
-30	7.4e-01	1.00000	1.00000	0.749223	0.761357
-29.9	7.4e-01	1.00000	1.00000	0.745445	0.757359
-29.8	7.3e-01	1.00000	1.00000	0.741652	0.753356
-29.7	7.3e-01	1.00000	1.00000	0.73782	0.74937
-29.6	7.3e-01	1.00000	1.00000	0.733807	0.745323
-29.5	7.2e-01	1.00000	1.00000	0.72993	0.741269
-29.4	7.2e-01	1.00000	1.00000	0.72608	0.737264
-29.3	7.1e-01	1.00000	1.00000	0.722135	0.733148
-29.2	7.1e-01	1.00000	1.00000	0.718292	0.729071
-29.1	7.0e-01	1.00000	1.00000	0.714433	0.724926
-29	7.0e-01	1.00000	1.00000	0.710579	0.720769
-28.9	7.0e-01	1.00000	1.00000	0.706658	0.716574
-28.8	6.9e-01	1.00000	1.00000	0.702699	0.712346
-28.7	6.9e-01	1.00000	1.00000	0.698867	0.708172
-28.6	6.8e-01	1.00000	1.00000	0.695048	0.703924
-28.5	6.8e-01	1.00000	1.00000	0.691211	0.699728
-28.4	6.8e-01	1.00000	1.00000	0.687303	0.695526
-28.3	6.7e-01	1.00000	1.00000	0.683411	0.691346
-28.2	6.7e-01	1.00000	1.00000	0.679422	0.687276
-28.1	6.6e-01	1.00000	1.00000	0.675479	0.683177
-28	6.6e-01	1.00000	1.00000	0.671468	0.679172
-27.9	6.6e-01	1.00000	1.00000	0.667499	0.675142
-27.8	6.5e-01	1.00000	1.00000	0.663562	0.671117
-27.7	6.5e-01	1.00000	1.00000	0.659656	0.667186
-27.6	6.4e-01	1.00000	1.00000	0.655751	0.663288
-27.5	6.4e-01	1.00000	1.00000	0.651776	0.659354
-27.4	6.4e-01	1.00000	1.00000	0.647794	0.655416
-27.3	6.3e-01	1.00000	1.00000	0.643717	0.651446
-27.2	6.3e-01	1.00000	1.00000	0.639677	0.647554
-27.1	6.2e-01	1.00000	1.00000	0.635551	0.643546
-27	6.2e-01	1.00000	1.00000	0.631479	0.639618
-26.9	6.2e-01	1.00000	1.00000	0.627352	0.635688
-26.8	6.1e-01	1.00000	1.00000	0.623221	0.631722
-26.7	6.1e-01	1.00000	1.00000	0.619173	0.62771
-26.6	6.0e-01	1.00000	1.00000	0.615236	0.623748
-26.5	6.0e-01	1.00000	1.00000	0.61125	0.619778
-26.4	6.0e-01	1.00000	1.00000	0.607233	0.615841
-26.3	5.9e-01	1.00000	1.00000	0.60313	0.611819
-26.2	5.9e-01	1.00000	1.00000	0.599144	0.607849
-26.1	5.8e-01	1.00000	1.00000	0.595043	0.603815
-26	5.8e-01	1.00000	1.00000	0.591007	0.599778
-25.9	5.7e-01	1.00000	1.00000	0.587034	0.595841
-25.8	5.7e-01	1.00000	1.00000	0.583053	0.591909
-25.7	5.7e-01	1.00000	1.00000	0.579107	0.587957
-25.6	5.6e-01	1.00000	1.00000	0.575151	0.584072
-25.5	5.6e-01	1.00000	1.00000	0.571271	0.580042
-25.4	5.5e-01	1.00000	1.00000	0.567327	0.576098
-25.3	5.5e-01	1.00000	1.00000	0.563447	0.572142
-25.2	5.5e-01	1.00000	1.00000	0.559514	0.568159
-25.1	5.4e-01	1.00000	1.00000	0.555571	0.564113
-25	5.4e-01	1.00000	1.00000	0.551657	0.559991
-24.9	5.3e-01	1.00000	1.00000	0.547651	0.555856
-24.8	5.3e-01	1.00000	1.00000	0.543689	0.551642
-24.7	5.2e-01	1.00000	1.00000	0.539624	0.54741
-24.6	5.2e-01	1.00000	1.00000	0.535529	0.543095
-24.5	5.2e-01	1.00000	1.00000	0.531476	0.538723
-24.4	5.1e-01	1.00000	1.00000	0.527367	0.534322
-24.3	5.1e-01	1.00000	1.00000	0.523194	0.529847
-24.2	5.0e-01	1.00000	1.00000	0.518967	0.525329
-24.1	5.0e-01	1.00000	1.00000	0.514681	0.52069
-24	4.9e-01	1.00000	1.00000	0.510361	0.51608
-23.9	4.9e-01	1.00000	1.00000	0.505976	0.511355
-23.8	4.8e-01	1.00000	1.00000	0.501627	0.506653
-23.7	4.8e-01	1.00000	1.00000	0.497202	0.501811
-23.6	4.8e-01	1.00000	1.00000	0.492677	0.496953
-23.5	4.7e-01	1.00000	1.00000	0.488032	0.492155
-23.4	4.7e-01	1.00000	1.00000	0.483485	0.487335
-23.3	4.6e-01	1.00000	1.00000	0.47884	0.48256
-23.2	4.6e-01	1.00000	1.00000	0.474162	0.477708
-23.1	4.5e-01	1.00000	1.00000	0.469489	0.472849
-23	4.5e-01	1.00000	1.00000	0.464871	0.46803
-22.9	4.4e-01	1.00000	1.00000	0.460234	0.463151
-22.8	4.4e-01	1.00000	1.00000	0.455569	0.458256
-22.7	4.3e-01	1.00000	1.00000	0.450933	0.45345
-22.6	4.3e-01	1.00000	1.00000	0.44642	0.44863
-22.5	4.2e-01	1.00000	1.00000	0.441777	0.443828
-22.4	4.2e-01	1.00000	1.00000	0.437187	0.439094
-22.3	4.1e-01	1.00000	1.00000	0.432566	0.434232
-22.2	4.1e-01	1.00000	1.00000	0.428009	0.429471
-22.1	4.0e-01	1.00000	1.00000	0.423495	0.424685
-22	4.0e-01	1.00000	1.00000	0.419013	0.41996
-21.9	3.9e-01	1.00000	1.00000	0.414655	0.415221
-21.8	3.9e-01	1.00000	1.00000	0.41023	0.410482
-21.7	3.9e-01	1.00000	1.00000	0.405956	0.405742
-21.6	3.8e-01	1.00000	1.00000	0.401636	0.401054
-21.5	3.8e-01	1.00000	1.00000	0.397414	0.396475
-21.4	3.7e-01	1.00000	1.00000	0.393233	0.39194
-21.3	3.7e-01	1.00000	1.00000	0.389038	0.387494
-21.2	3.7e-01	1.00000	1.00000	0.384907	0.383021
-21.1	3.6e-01	1.00000	1.00000	0.380813	0.378705
-21	3.6e-01	1.00000	1.00000	0.376831	0.374446
-20.9	3.5e-01	1.00000	1.00000	0.372818	0.370277
-20.8	3.5e-01	1.00000	1.00000	0.368794	0.366158
-20.7	3.4e-01	1.00000	1.00000	0.364786	0.362096
-20.6	3.4e-01	1.00000	1.00000	0.360749	0.358134
-20.5	3.4e-01	1.00000	1.00000	0.356717	0.35421
-20.4	3.3e-01	1.00000	1.00000	0.352712	0.350325
-20.3	3.3e-01	1.00000	1.00000	0.348835	0.346545
-20.2	3.3e-01	1.00000	1.00000	0.345079	0.342749
-20.1	3.2e-01	1.00000	1.00000	0.341294	0.339024
-20	3.2e-01	1.00000	1.00000	0.337564	0.335264
-19.9	3.1e-01	1.00000	1.00000	0.333798	0.331558
-19.8	3.1e-01	1.00000	1.00000	0.330019	0.327891
-19.7	3.1e-01	1.00000	1.00000	0.326165	0.32427
-19.6	3.0e-01	1.00000	1.00000	0.322432	0.32063
-19.5	3.0e-01	1.00000	1.00000	0.31882	0.317084
-19.4	3.0e-01	1.00000	1.00000	0.31515	0.313583
-19.3	2.9e-01	1.00000	1.00000	0.311562	0.310136
-19.2	2.9e-01	1.00000	1.00000	0.308086	0.306709
-19.1	2.9e-01	1.00000	1.00000	0.30471	0.303287
-19	2.8e-01	1.00000	1.00000	0.301473	0.299927
-18.9	2.8e-01	1.00000	1.00000	0.298192	0.296492
-18.8	2.7e-01	1.00000	1.00000	0.294923	0.293182
-18.7	2.7e-01	1.00000	1.00000	0.291645	0.289818
-18.6	2.7e-01	1.00000	1.00000	0.288391	0.286585
-18.5	2.6e-01	1.00000	1.00000	0.285213	0.283336
-18.4	2.6e-01	1.00000	1.00000	0.282013	0.280141
-18.3	2.6e-01	1.00000	1.00000	0.278779	0.277017
-18.2	2.6e-01	1.00000	1.00000	0.275624	0.273833
-18.1	2.5e-01	1.00000	1.00000	0.272433	0.270662
-18	2.5e-01	1.00000	1.00000	0.269305	0.267525
-17.9	2.5e-01	1.00000	1.00000	0.266237	0.264349
-17.8	2.4e-01	1.00000	1.00000	0.263195	0.261142
-17.7	2.4e-01	1.00000	1.00000	0.260189	0.25794
-17.6	2.4e-01	1.00000	1.00000	0.257118	0.254692
-17.5	2.3e-01	1.00000	1.00000	0.254064	0.251455
-17.4	2.3e-01	1.00000	1.00000	0.251001	0.248162
-17.3	2.3e-01	1.00000	1.00000	0.247892	0.244832
-17.2	2.2e-01	1.00000	1.00000	0.244835	0.241544
-17.1	2.2e-01	1.00000	1.00000	0.241679	0.238269
-17	2.2e-01	1.00000	1.00000	0.238611	0.234924
-16.9	2.1e-01	1.00000	1.00000	0.235484	0.231549
-16.8	2.1e-01	1.00000	1.00000	0.232335	0.228126
-16.7	2.1e-01	1.00000	1.00000	0.229162	0.224618
-16.6	2.0e-01	1.00000	1.00000	0.225892	0.221186
-16.5	2.0e-01	1.00000	1.00000	0.222641	0.217753
-16.4	2.0e-01	1.00000	1.00000	0.219437	0.214297
-16.3	1.9e-01	1.00000	1.00000	0.216225	0.210883
-16.2	1.9e-01	1.00000	1.00000	0.213049	0.20756
-16.1	1.9e-01	1.00000	1.00000	0.209907	0.204294
-16	1.8e-01	1.00000	1.00000	0.20674	0.200941
-15.9	1.8e-01	1.00000	1.00000	0.203455	0.197651
-15.8	1.8e-01	1.00000	1.00000	0.200189	0.194341
-15.7	1.7e-01	1.00000	1.00000	0.196899	0.191105
-15.6	1.7e-01	1.00000	1.00000	0.193661	0.187827
-15.5	1.7e-01	1.00000	1.00000	0.190326	0.184618
-15.4	1.7e-01	1.00000	1.00000	0.186933	0.181418
-15.3	1.6e-01	1.00000	1.00000	0.183655	0.178225
-15.2	1.6e-01	1.00000	1.00000	0.180497	0.175005
-15.1	1.6e-01	1.00000	1.00000	0.177515	0.171859
-15	1.5e-01	1.00000	1.00000	0.174503	0.168784
-14.9	1.5e-01	1.00000	1.00000	0.171618	0.165653
-14.8	1.5e-01	1.00000	1.00000	0.168652	0.162649
-14.7	1.5e-01	1.00000	1.00000	0.165713	0.159614
-14.6	1.4e-01	1.00000	1.00000	0.162839	0.156647
-14.5	1.4e-01	1.00000	1.00000	0.160093	0.153698
-14.4	1.4e-01	1.00000	1.00000	0.157325	0.150761
-14.3	1.4e-01	1.00000	1.00000	0.154591	0.148008
-14.2	1.3e-01	1.00000	1.00000	0.151886	0.145274
-14.1	1.3e-01	1.00000	1.00000	0.149252	0.142668
-14	1.3e-01	1.00000	1.00000	0.146646	0.140108
-13.9	1.3e-01	1.00000	1.00000	0.144294	0.13761
-13.8	1.2e-01	1.00000	1.00000	0.141856	0.135144
-13.7	1.2e-01	1.00000	1.00000	0.139477	0.132812
-13.6	1.2e-01	1.00000	1.00000	0.13712	0.13046
-13.5	1.2e-01	1.00000	1.00000	0.134884	0.128159
-13.4	1.1e-01	1.00000	1.00000	0.132633	0.125996
-13.3	1.1e-01	1.00000	1.00000	0.130427	0.123892
-13.2	1.1e-01	1.00000	1.00000	0.128118	0.12179
-13.1	1.1e-01	1.00000	1.00000	0.125874	0.119737
-13	1.1e-01	1.00000	1.00000	0.12375	0.117679
-12.9	1.0e-01	1.00000	1.00000	0.121739	0.115628
-12.8	1.0e-01	1.00000	1.00000	0.119689	0.113649
-12.7	1.0e-01	1.00000	1.00000	0.117717	0.111767
-12.6	9.9e-02	1.00000	1.00000	0.115721	0.109935
-12.5	9.7e-02	1.00000	1.00000	0.113868	0.10812
-12.4	9.6e-02	1.00000	1.00000	0.11201	0.106325
-12.3	9.4e-02	1.00000	1.00000	0.11018	0.104568
-12.2	9.2e-02	1.00000	1.00000	0.108354	0.102881
-12.1	9.0e-02	1.00000	1.00000	0.106566	0.101219
-12	8.9e-02	1.00000	1.00000	0.104812	0.0995432
-11.9	8.7e-02	1.00000	1.00000	0.103129	0.0979292
-11.8	8.6e-02	1.00000	1.00000	0.101523	0.0963318
-11.7	8.4e-02	1.00000	1.00000	0.0998959	0.0947885
-11.6	8.2e-02	1.00000	1.00000	0.0982916	0.093275
-11.5	8.1e-02	1.00000	1.00000	0.0967082	0.0917557
-11.4	7.9e-02	1.00000	1.00000	0.0952131	0.0902142
-11.3	7.8e-02	1.00000	1.00000	0.093752	0.0887683
-11.2	7.7e-02	1.00000	1.00000	0.0923724	0.0873751
-11.1	7.5e-02	1.00000	1.00000	0.0909059	0.0859667
-11	7.4e-02	1.00000	1.00000	0.0894611	0.0846059
-10.9	7.2e-02	1.00000	1.00000	0.0880484	0.0832686
-10.8	7.1e-02	1.00000	1.00000	0.0866411	0.081873
-10.7	7.0e-02	1.00000	1.00000	0.0852452	0.0805227
-10.6	6.8e-02	1.00000	1.00000	0.0838836	0.0791596
-10.5	6.7e-02	1.00000	1.00000	0.0824456	0.0778027
-10.4	6.6e-02	1.00000	1.00000	0.0810939	0.0763986
-10.3	6.4e-02	1.00000	1.00000	0.0797083	0.0750093
-10.2	6.3e-02	1.00000	1.00000	0.0783679	0.0736247
-10.1	6.2e-02	1.00000	1.00000	0.0770311	0.072241
-10	6.0e-02	1.00000	1.00000	0.0756676	0.0709055
-9.9	5.9e-02	1.00000	1.00000	0.0743726	0.0695034
-9.8	5.8e-02	1.00000	1.00000	0.0730617	0.0681631
-9.7	5.7e-02	1.00000	1.00000	0.071694	0.0667716
-9.6	5.5e-02	1.00000	1.00000	0.070355	0.0653724
-9.5	5.4e-02	1.00000	1.00000	0.068932	0.0639828
-9.4	5.3e-02	1.00000	1.00000	0.0675782	0.0625901
-9.3	5.2e-02	1.00000	1.00000	0.0662136	0.0612135
-9.2	5.0e-02	1.00000	1.00000	0.0647983	0.0598533
-9.1	4.9e-02	1.00000	1.00000	0.0634667	0.0584836
-9	4.8e-02	1.00000	1.00000	0.0620946	0.0571151
-8.9	4.7e-02	1.00000	1.00000	0.0607318	0.0558329
-8.8	4.6e-02	1.00000	1.00000	0.0594312	0.0545649
-8.7	4.4e-02	1.00000	1.00000	0.0581184	0.0532721
-8.6	4.3e-02	1.00000	1.00000	0.0568557	0.0519734
-8.5	4.2e-02	1.00000	1.00000	0.0555332	0.0507282
-8.4	4.1e-02	1.00000	1.00000	0.0542118	0.0494942
-8.3	4.0e-02	1.00000	1.00000	0.0529358	0.0483029
-8.2	3.9e-02	1.00000	1.00000	0.0503327	0.0471225
-8.1	3.8e-02	1.00000	1.00000	0.0490042	0.0446563
-8	3.7e-02	1.00000	1.00000	0.0476251	0.043443
-7.9	3.6e-02	1.00000	1.00000	0.0463587	0.0422305
-7.8	3.5e-02	1.00000	1.00000	0.0451384	0.0410705
-7.7	3.4e-02	1.00000	1.00000	0.0440019	0.039958
-7.6	3.3e-02	1.00000	1.00000	0.0429798	0.0388814
-7.5	3.2e-02	1.00000	1.00000	0.0418925	0.0378003
-7.4	3.1e-02	1.00000	1.00000	0.0408661	0.0367008
-7.3	3.0e-02	1.00000	1.00000	0.0397915	0.0356904
-7.2	2.9e-02	1.00000	1.00000	0.0387751	0.0346672
-7.1	2.9e-02	1.00000	1.00000	0.0377988	0.0337374
-7	2.8e-02	1.00000	1.00000	0.0367709	0.0328306
-6.9	2.7e-02	1.00000	1.00000	0.0358491	0.0319039
-6.8	2.6e-02	1.00000	1.00000	0.0349149	0.0309977
-6.7	2.6e-02	1.00000	1.00000	0.0340377	0.0300991
-6.6	2.5e-02	1.00000	1.00000	0.0331846	0.0292705
-6.5	2.4e-02	1.00000	1.00000	0.0324099	0.0284961
-6.4	2.4e-02	1.00000	1.00000	0.0315738	0.0277441
-6.3	2.3e-02	1.00000	1.00000	0.0308136	0.027045
-6.2	2.2e-02	1.00000	1.00000	0.0300839	0.0263425
-6.1	2.2e-02	1.00000	1.00000	0.0293727	0.0256807
-6	2.1e-02	1.00000	1.00000	0.0286502	0.0249914
-5.9	2.1e-02	1.00000	1.00000	0.027932	0.0243383
-5.8	2.0e-02	1.00000	1.00000	0.0272298	0.0237239
-5.7	2.0e-02	1.00000	1.00000	0.0265387	0.0231471
-5.6	1.9e-02	1.00000	1.00000	0.0259074	0.0225756
-5.5	1.9e-02	1.00000	1.00000	0.0252706	0.0220152
-5.4	1.8e-02	1.00000	1.00000	0.0246642	0.0214421
-5.3	1.8e-02	1.00000	1.00000	0.0241248	0.0209049
-5.2	1.7e-02	1.00000	1.00000	0.0235345	0.0204128
-5.1	1.7e-02	1.00000	1.00000	0.0229849	0.0199092
-5	1.6e-02	1.00000	1.00000	0.0224622	0.0194374
-4.9	1.6e-02	1.00000	1.00000	0.0219645	0.0189834
-4.8	1.5e-02	1.00000	1.00000	0.0214795	0.0185558
-4.7	1.5e-02	1.00000	1.00000	0.0210213	0.018131
-4.6	1.5e-02	1.00000	1.00000	0.0205322	0.0177106
-4.5	1.4e-02	1.00000	1.00000	0.0200772	0.0173351
-4.4	1.4e-02	1.00000	1.00000	0.0196399	0.0169462
-4.3	1.4e-02	1.00000	1.00000	0.0192273	0.0165721
-4.2	1.3e-02	1.00000	1.00000	0.0188442	0.0161994
-4.1	1.3e-02	1.00000	1.00000	0.0184779	0.0158416
-4	1.3e-02	1.00000	1.00000	0.0181158	0.0155015
-3.9	1.2e-02	1.00000	1.00000	0.0177469	0.0151553
-3.8	1.2e-02	1.00000	1.00000	0.0173866	0.014841
-3.7	1.2e-02	1.00000	1.00000	0.0170193	0.014531
-3.6	1.1e-02	1.00000	1.00000	0.016692	0.0142134
-3.5	1.1e-02	1.00000	1.00000	0.0163555	0.0138879
-3.4	1.1e-02	1.00000	1.00000	0.016005	0.0135852
-3.3	1.0e-02	1.00000	1.00000	0.0156452	0.0132877
-3.2	1.0e-02	1.00000	1.00000	0.0153205	0.0129542
-3.1	9.9e-03	1.00000	1.00000	0.0149916	0.0126481
-3	9.6e-03	1.00000	1.00000	0.014679	0.0123423
-2.9	9.3e-03	1.00000	1.00000	0.014351	0.012028
-2.8	9.0e-03	1.00000	1.00000	0.0140378	0.0117214
-2.7	8.8e-03	1.00000	1.00000	0.0136801	0.0114216
-2.6	8.5e-03	1.00000	1.00000	0.0133861	0.0111033
-2.5	8.3e-03	1.00000	1.00000	0.0130894	0.0107897
-2.4	8.0e-03	1.00000	1.00000	0.0127541	0.010502
-2.3	7.8e-03	1.00000	1.00000	0.0124366	0.0102161
-2.2	7.6e-03	1.00000	1.00000	0.0121428	0.00992733
-2.1	7.3e-03	1.00000	1.00000	0.0118339	0.00961666
-2	7.1e-03	1.00000	1.00000	0.0115516	0.00931682
-1.9	6.8e-03	1.00000	1.00000	0.0112227	0.00904271
-1.8	6.6e-03	1.00000	1.00000	0.0107777	0.00874913
-1.7	6.4e-03	1.00000	1.00000	0.0104698	0.00847003
-1.6	6.1e-03	1.00000	1.00000	0.0101785	0.00820962
-1.5	5.9e-03	1.00000	1.00000	0.0098985	0.00795353
-1.4	5.7e-03	1.00000	1.00000	0.00960599	0.00768838
-1.3	5.5e-03	1.00000	1.00000	0.00932247	0.00741789
-1.2	5.3e-03	1.00000	1.00000	0.00903095	0.00716514
-1.1	5.1e-03	1.00000	1.00000	0.00873882	0.00692738
-1	4.9e-03	1.00000	1.00000	0.00847668	0.00664554
-0.9	4.7e-03	1.00000	1.00000	0.00819926	0.006418
-0.8	4.5e-03	1.00000	1.00000	0.00791701	0.00617806
-0.7	4.3e-03	1.00000	1.00000	0.00764234	0.00593541
-0.6	4.1e-03	1.00000	1.00000	0.00736581	0.00571976
-0.5	4.0e-03	1.00000	1.00000	0.00706531	0.00551024
-0.4	3.8e-03	1.00000	1.00000	0.00678652	0.00528972
-0.3	3.7e-03	1.00000	1.00000	0.00655172	0.00505996
-0.2	3.5e-03	1.00000	1.00000	0.00629672	0.00486004
-0.1	3.4e-03	1.00000	1.00000	0.00610094	0.00464546
0	3.2e-03	1.00000	1.00000	0.00589239	0.00445306
0.1	3.1e-03	1.00000	1.00000	0.00567296	0.00427668
0.2	3.0e-03	1.00000	1.00000	0.00549449	0.00409977
0.3	2.8e-03	1.00000	1.00000	0.00532236	0.00393531
0.4	2.7e-03	1.00000	1.00000	0.00514423	0.00375317
0.5	2.6e-03	1.00000	1.00000	0.00495076	0.00359502
0.6	2.5e-03	1.00000	1.00000	0.00476539	0.00346402
0.7	2.4e-03	1.00000	1.00000	0.00455973	0.0033269
0.8	2.3e-03	1.00000	1.00000	0.00442028	0.0031884
0.9	2.2e-03	1.00000	1.00000	0.00427829	0.00305016
1	2.1e-03	1.00000	1.00000	0.00413496	0.00292316
1.1	2.0e-03	1.00000	1.00000	0.00400824	0.00280569
1.2	1.9e-03	1.00000	1.00000	0.00386842	0.00270307
1.3	1.9e-03	1.00000	1.00000	0.00374468	0.00260974
1.4	1.8e-03	1.00000	1.00000	0.00362071	0.00250729
1.5	1.7e-03	1.00000	1.00000	0.00350321	0.0024097
1.6	1.7e-03	1.00000	1.00000	0.00338496	0.00231444
1.7	1.6e-03	1.00000	1.00000	0.00326883	0.00223268
1.8	1.5e-03	1.00000	1.00000	0.00316316	0.00213872
1.9	1.5e-03	1.00000	1.00000	0.00307249	0.00206086
2	1.4e-03	1.00000	1.00000	0.00296653	0.00199003
2.1	1.3e-03	1.00000	1.00000	0.00287907	0.0019256
2.2	1.3e-03	1.00000	1.00000	0.00277648	0.00185191
2.3	1.2e-03	1.00000	1.00000	0.00269602	0.00178263
2.4	1.2e-03	1.00000	1.00000	0.00261546	0.00172091
2.5	1.2e-03	1.00000	1.00000	0.00254172	0.0016667
2.6	1.1e-03	1.00000	1.00000	0.00246897	0.00161174
2.7	1.1e-03	1.00000	1.00000	0.00240346	0.00156505
2.8	1.0e-03	1.00000	1.00000	0.00233539	0.00152047
2.9	9.9e-04	1.00000	1.00000	0.00227608	0.00147728
3	9.5e-04	1.00000	1.00000	0.00221667	0.00137414
3.1	9.2e-04	1.00000	1.00000	0.00214586	0.00133306
3.2	8.9e-04	1.00000	1.00000	0.00208943	0.00129073
3.3	8.5e-04	1.00000	1.00000	0.00203503	0.00125357
3.4	8.2e-04	1.00000	1.00000	0.00198475	0.00122046
3.5	8.0e-04	1.00000	1.00000	0.00193844	0.00118246
3.6	7.7e-04	1.00000	1.00000	0.0018928	0.0011458
3.7	7.4e-04	1.00000	1.00000	0.00184417	0.00111569
3.8	7.2e-04	1.00000	0.99747	0.00180752	0.00108989
3.9	6.9e-04	1.00000	0.99747	0.00176901	0.00105616
4	6.7e-04	1.00000	0.99495	0.00172635	0.00102783
4.1	6.5e-04	1.00000	0.99495	0.00166528	0.000995829
4.2	6.3e-04	1.00000	0.99495	0.00162105	0.000968347
4.3	6.0e-04	0.99602	0.99495	0.00158619	0.000938477
4.4	5.8e-04	0.99602	0.99242	0.00154225	0.000907116
4.5	5.6e-04	0.99203	0.98990	0.00151794	0.000872066
4.6	5.4e-04	0.99203	0.98232	0.00147858	0.000842361
4.7	5.2e-04	0.99203	0.98232	0.00142688	0.000816369
4.8	5.0e-04	0.98805	0.97980	0.00139079	0.000787846
4.9	4.7e-04	0.98805	0.97475	0.00133772	0.000761642
5	4.6e-04	0.98805	0.97222	0.00129837	0.000713324
5.1	4.4e-04	0.98008	0.96717	0.00126327	0.000683808
5.2	4.2e-04	0.97610	0.96717	0.00122888	0.00066011
5.3	4.0e-04	0.96016	0.96212	0.00118617	0.000635182
5.4	3.8e-04	0.95618	0.95960	0.00115069	0.000612998
5.5	3.7e-04	0.95219	0.94949	0.0011121	0.000584192
5.6	3.5e-04	0.94024	0.94949	0.00106446	0.000558744
5.7	3.3e-04	0.93625	0.94697	0.00102885	0.000535282
5.8	3.1e-04	0.93227	0.93434	0.000991052	0.000515416
5.9	2.9e-04	0.92430	0.93182	0.00095411	0.00049361
6	2.8e-04	0.90837	0.92424	0.000925019	0.000471497
6.1	2.6e-04	0.89243	0.91919	0.000887084	0.00045111
6.2	2.5e-04	0.88446	0.90909	0.000846736	0.000428689
6.3	2.3e-04	0.87649	0.90909	0.000811355	0.000408161
6.4	2.2e-04	0.87251	0.90152	0.000779143	0.000385504
6.5	2.1e-04	0.85657	0.89646	0.00075852	0.000368262
6.6	2.0e-04	0.84462	0.87374	0.000700434	0.000344494
6.7	1.8e-04	0.84064	0.86364	0.000665952	0.000315569
6.8	1.7e-04	0.82470	0.84596	0.000635726	0.000298375
6.9	1.6e-04	0.79681	0.84091	0.000592682	0.000275292
7	1.5e-04	0.77291	0.83586	0.000562173	0.000258287
7.1	1.4e-04	0.76096	0.82828	0.000528305	0.000242323
7.2	1.3e-04	0.74900	0.82323	0.000503567	0.00022442
7.3	1.2e-04	0.74104	0.82071	0.000444961	0.00021075
7.4	1.1e-04	0.72908	0.81818	0.000413459	0.000192941
7.5	1.1e-04	0.70916	0.80556	0.000386497	0.000176693
7.6	9.7e-05	0.70518	0.79040	0.000363225	0.000161722
7.7	9.0e-05	0.68127	0.77273	0.000345203	0.000149873
7.8	8.4e-05	0.65737	0.75000	0.000325715	0.000139633
7.9	7.8e-05	0.62550	0.73485	0.000303152	0.000129345
8	7.2e-05	0.59761	0.69697	0.000289719	0.000121091
8.1	6.6e-05	0.57371	0.68434	0.000262474	0.000112033
8.2	6.1e-05	0.54183	0.64899	0.000243884	0.000101484
8.3	5.5e-05	0.50996	0.64141	0.000224396	9.15275e-05
8.4	5.1e-05	0.47809	0.60354	0.000211341	8.22565e-05
8.5	4.5e-05	0.43028	0.58081	0.000196394	7.20868e-05
8.6	4.1e-05	0.41833	0.52525	0.000179791	6.57485e-05
8.7	3.8e-05	0.38247	0.49495	0.000170851	5.98122e-05
8.8	3.4e-05	0.35857	0.48737	0.000155715	5.24569e-05
8.9	3.2e-05	0.32271	0.47980	0.000145356	4.95242e-05
9	2.9e-05	0.29880	0.45960	0.000132538	4.42738e-05
9.1	2.6e-05	0.25100	0.42424	0.000118536	3.84085e-05
9.2	2.3e-05	0.22311	0.37626	0.000103022	3.23066e-05
9.3	1.9e-05	0.19522	0.33838	9.62103E-05	2.70089e-05
9.4	1.7e-05	0.17530	0.32071	8.62771E-05	2.00793e-05
9.5	1.6e-05	0.15139	0.27778	7.39315E-05	1.58222e-05
9.6	1.3e-05	0.12351	0.24495	6.96745E-05	1.48289e-05
9.7	1.2e-05	0.10359	0.22222	5.44908E-05	1.26767e-05
9.8	1.0e-05	0.08765	0.16919	4.66861E-05	1.12103e-05
9.9	8.0e-06	0.07171	0.16414	4.43684E-05	1.07137e-05
10	7.1e-06	0.05179	0.14646	2.8286E-05	8.75069e-06
10.1	5.4e-06	0.04382	0.11616	2.36032E-05	7.02421e-06
10.2	3.9e-06	0.03586	0.11364	2.36032E-05	5.88898e-06
10.3	3.7e-06	0.02390	0.11364	1.7596E-05	4.20979e-06
10.4	2.9e-06	0.01594	0.05556	1.5089E-05	3.12187e-06
10.5	2.2e-06	0.01195	0.05556	1.5089E-05	2.67251e-06
10.6	2.2e-06	0.00797	0.04040	8.27768E-06	1.44268e-06
10.7	1.6e-06	0.00398	0.03030	6.57485E-06	1.20618e-06
10.8	1.0e-06	0.00398	0.03030	3.83139E-06	9.46021e-07
10.9	1.0e-06	<NULL>	0.01010	9.46021E-07	8.51419e-07
11	1.7e-07	<NULL>	0.00505	9.46021E-07	7.33166e-07
11.1	1.7e-07	<NULL>	0.00505	9.46021E-07	7.09516e-07
11.2	1.7e-07	<NULL>	<NULL>	0	4.4936e-07
11.3	1.7e-07	<NULL>	<NULL>	<NULL>	1.18253e-07
11.4	<NULL>	<NULL>	<NULL>	<NULL>	1.18253e-07
11.5	<NULL>	<NULL>	<NULL>	<NULL>	4.73011e-08
11.6	<NULL>	<NULL>	<NULL>	<NULL>	4.73011e-08
11.7	<NULL>	<NULL>	<NULL>	<NULL>	4.73011e-08
11.8	<NULL>	<NULL>	<NULL>	<NULL>	4.73011e-08
11.9	<NULL>	<NULL>	<NULL>	<NULL>	4.73011e-08
12	<NULL>	<NULL>	<NULL>	<NULL>	4.73011e-08
12.1	<NULL>	<NULL>	<NULL>	<NULL>	4.73011e-08
