#score	occ	co	cco	dCDF
-50.4	9	9	21141169	1
-50.3	35	44	21141134	0.999998
-50.2	57	101	21141077	0.999995
-50.1	145	246	21140932	0.999988
-50	157	403	21140775	0.999981
-49.9	142	545	21140633	0.999974
-49.8	170	715	21140463	0.999966
-49.7	164	879	21140299	0.999958
-49.6	175	1054	21140124	0.99995
-49.5	324	1378	21139800	0.999935
-49.4	288	1666	21139512	0.999921
-49.3	425	2091	21139087	0.999901
-49.2	417	2508	21138670	0.999881
-49.1	367	2875	21138303	0.999864
-49	424	3299	21137879	0.999844
-48.9	310	3609	21137569	0.999829
-48.8	290	3899	21137279	0.999816
-48.7	356	4255	21136923	0.999799
-48.6	442	4697	21136481	0.999778
-48.5	578	5275	21135903	0.99975
-48.4	627	5902	21135276	0.999721
-48.3	664	6566	21134612	0.999689
-48.2	651	7217	21133961	0.999659
-48.1	645	7862	21133316	0.999628
-48	588	8450	21132728	0.9996
-47.9	830	9280	21131898	0.999561
-47.8	851	10131	21131047	0.999521
-47.7	851	10982	21130196	0.999481
-47.6	910	11892	21129286	0.999437
-47.5	926	12818	21128360	0.999394
-47.4	1163	13981	21127197	0.999339
-47.3	1189	15170	21126008	0.999282
-47.2	1424	16594	21124584	0.999215
-47.1	1139	17733	21123445	0.999161
-47	1487	19220	21121958	0.999091
-46.9	1322	20542	21120636	0.999028
-46.8	1500	22042	21119136	0.998957
-46.7	1487	23529	21117649	0.998887
-46.6	1661	25190	21115988	0.998808
-46.5	1716	26906	21114272	0.998727
-46.4	1726	28632	21112546	0.998646
-46.3	1856	30488	21110690	0.998558
-46.2	1831	32319	21108859	0.998471
-46.1	1920	34239	21106939	0.99838
-46	2348	36587	21104591	0.998269
-45.9	2158	38745	21102433	0.998167
-45.8	2559	41304	21099874	0.998046
-45.7	2888	44192	21096986	0.99791
-45.6	3280	47472	21093706	0.997755
-45.5	3197	50669	21090509	0.997603
-45.4	3431	54100	21087078	0.997441
-45.3	3598	57698	21083480	0.997271
-45.2	3863	61561	21079617	0.997088
-45.1	3685	65246	21075932	0.996914
-45	3745	68991	21072187	0.996737
-44.9	3909	72900	21068278	0.996552
-44.8	4333	77233	21063945	0.996347
-44.7	4530	81763	21059415	0.996133
-44.6	4905	86668	21054510	0.995901
-44.5	5014	91682	21049496	0.995663
-44.4	5240	96922	21044256	0.995415
-44.3	5248	102170	21039008	0.995167
-44.2	5291	107461	21033717	0.994917
-44.1	5321	112782	21028396	0.994665
-44	4915	117697	21023481	0.994433
-43.9	5175	122872	21018306	0.994188
-43.8	5565	128437	21012741	0.993925
-43.7	5402	133839	21007339	0.993669
-43.6	5491	139330	21001848	0.99341
-43.5	5980	145310	20995868	0.993127
-43.4	6903	152213	20988965	0.9928
-43.3	6785	158998	20982180	0.992479
-43.2	6927	165925	20975253	0.992152
-43.1	7077	173002	20968176	0.991817
-43	7082	180084	20961094	0.991482
-42.9	7865	187949	20953229	0.99111
-42.8	7194	195143	20946035	0.99077
-42.7	7779	202922	20938256	0.990402
-42.6	7888	210810	20930368	0.990028
-42.5	7990	218800	20922378	0.989651
-42.4	8047	226847	20914331	0.98927
-42.3	8641	235488	20905690	0.988861
-42.2	7899	243387	20897791	0.988488
-42.1	9135	252522	20888656	0.988055
-42	8602	261124	20880054	0.987649
-41.9	9445	270569	20870609	0.987202
-41.8	9612	280181	20860997	0.986747
-41.7	9427	289608	20851570	0.986301
-41.6	9537	299145	20842033	0.98585
-41.5	10595	309740	20831438	0.985349
-41.4	9774	319514	20821664	0.984887
-41.3	11257	330771	20810407	0.984354
-41.2	11209	341980	20799198	0.983824
-41.1	11867	353847	20787331	0.983263
-41	11569	365416	20775762	0.982715
-40.9	13045	378461	20762717	0.982098
-40.8	13213	391674	20749504	0.981473
-40.7	13809	405483	20735695	0.98082
-40.6	13698	419181	20721997	0.980172
-40.5	14341	433522	20707656	0.979494
-40.4	14858	448380	20692798	0.978791
-40.3	15182	463562	20677616	0.978073
-40.2	15063	478625	20662553	0.977361
-40.1	15535	494160	20647018	0.976626
-40	18176	512336	20628842	0.975766
-39.9	16559	528895	20612283	0.974983
-39.8	16808	545703	20595475	0.974188
-39.7	16428	562131	20579047	0.973411
-39.6	17133	579264	20561914	0.9726
-39.5	19109	598373	20542805	0.971696
-39.4	19342	617715	20523463	0.970781
-39.3	20565	638280	20502898	0.969809
-39.2	19665	657945	20483233	0.968879
-39.1	21568	679513	20461665	0.967858
-39	21123	700636	20440542	0.966859
-38.9	22030	722666	20418512	0.965817
-38.8	22190	744856	20396322	0.964768
-38.7	23682	768538	20372640	0.963647
-38.6	23573	792111	20349067	0.962532
-38.5	25270	817381	20323797	0.961337
-38.4	26198	843579	20297599	0.960098
-38.3	27969	871548	20269630	0.958775
-38.2	27251	898799	20242379	0.957486
-38.1	29703	928502	20212676	0.956081
-38	29104	957606	20183572	0.954704
-37.9	29289	986895	20154283	0.953319
-37.8	29201	1016096	20125082	0.951938
-37.7	30011	1046107	20095071	0.950518
-37.6	30305	1076412	20064766	0.949085
-37.5	31102	1107514	20033664	0.947613
-37.4	31223	1138737	20002441	0.946137
-37.3	32336	1171073	19970105	0.944607
-37.2	32112	1203185	19937993	0.943088
-37.1	33349	1236534	19904644	0.941511
-37	33536	1270070	19871108	0.939924
-36.9	33037	1303107	19838071	0.938362
-36.8	34486	1337593	19803585	0.93673
-36.7	34226	1371819	19769359	0.935112
-36.6	34203	1406022	19735156	0.933494
-36.5	35164	1441186	19699992	0.93183
-36.4	36931	1478117	19663061	0.930084
-36.3	37260	1515377	19625801	0.928321
-36.2	38417	1553794	19587384	0.926504
-36.1	38899	1592693	19548485	0.924664
-36	41068	1633761	19507417	0.922721
-35.9	40064	1673825	19467353	0.920826
-35.8	39500	1713325	19427853	0.918958
-35.7	40431	1753756	19387422	0.917045
-35.6	39479	1793235	19347943	0.915178
-35.5	41247	1834482	19306696	0.913227
-35.4	40743	1875225	19265953	0.9113
-35.3	40643	1915868	19225310	0.909377
-35.2	41579	1957447	19183731	0.907411
-35.1	42292	1999739	19141439	0.90541
-35	43746	2043485	19097693	0.903341
-34.9	42937	2086422	19054756	0.90131
-34.8	42070	2128492	19012686	0.89932
-34.7	43920	2172412	18968766	0.897243
-34.6	46847	2219259	18921919	0.895027
-34.5	45109	2264368	18876810	0.892893
-34.4	46813	2311181	18829997	0.890679
-34.3	45899	2357080	18784098	0.888508
-34.2	45479	2402559	18738619	0.886356
-34.1	47886	2450445	18690733	0.884091
-34	47659	2498104	18643074	0.881837
-33.9	49918	2548022	18593156	0.879476
-33.8	49697	2597719	18543459	0.877125
-33.7	50710	2648429	18492749	0.874727
-33.6	52134	2700563	18440615	0.872261
-33.5	52234	2752797	18388381	0.86979
-33.4	54143	2806940	18334238	0.867229
-33.3	53132	2860072	18281106	0.864716
-33.2	52729	2912801	18228377	0.862221
-33.1	53420	2966221	18174957	0.859695
-33	53877	3020098	18121080	0.857146
-32.9	53502	3073600	18067578	0.854615
-32.8	55967	3129567	18011611	0.851968
-32.7	55942	3185509	17955669	0.849322
-32.6	57465	3242974	17898204	0.846604
-32.5	56815	3299789	17841389	0.843917
-32.4	57669	3357458	17783720	0.841189
-32.3	60785	3418243	17722935	0.838314
-32.2	61435	3479678	17661500	0.835408
-32.1	62221	3541899	17599279	0.832464
-32	64233	3606132	17535046	0.829426
-31.9	62861	3668993	17472185	0.826453
-31.8	65086	3734079	17407099	0.823374
-31.7	65709	3799788	17341390	0.820266
-31.6	68446	3868234	17272944	0.817028
-31.5	70661	3938895	17202283	0.813686
-31.4	72368	4011263	17129915	0.810263
-31.3	101107	4112370	17028808	0.805481
-31.2	75924	4188294	16952884	0.801889
-31.1	75753	4264047	16877131	0.798306
-31	78429	4342476	16798702	0.794596
-30.9	76083	4418559	16722619	0.790998
-30.8	81781	4500340	16640838	0.787129
-30.7	79603	4579943	16561235	0.783364
-30.6	78463	4658406	16482772	0.779652
-30.5	79677	4738083	16403095	0.775884
-30.4	80190	4818273	16322905	0.772091
-30.3	79673	4897946	16243232	0.768322
-30.2	83196	4981142	16160036	0.764387
-30.1	82559	5063701	16077477	0.760482
-30	84456	5148157	15993021	0.756487
-29.9	84679	5232836	15908342	0.752481
-29.8	81756	5314592	15826586	0.748614
-29.7	83461	5398053	15743125	0.744666
-29.6	83862	5481915	15659263	0.7407
-29.5	82253	5564168	15577010	0.736809
-29.4	84977	5649145	15492033	0.732789
-29.3	85724	5734869	15406309	0.728735
-29.2	86596	5821465	15319713	0.724639
-29.1	88406	5909871	15231307	0.720457
-29	89289	5999160	15142018	0.716233
-28.9	89955	6089115	15052063	0.711978
-28.8	89093	6178208	14962970	0.707764
-28.7	89028	6267236	14873942	0.703553
-28.6	87218	6354454	14786724	0.699428
-28.5	87681	6442135	14699043	0.69528
-28.4	87648	6529783	14611395	0.691134
-28.3	86563	6616346	14524832	0.68704
-28.2	84770	6701116	14440062	0.68303
-28.1	84681	6785797	14355381	0.679025
-28	85080	6870877	14270301	0.675
-27.9	85856	6956733	14184445	0.670939
-27.8	82939	7039672	14101506	0.667016
-27.7	82663	7122335	14018843	0.663106
-27.6	83162	7205497	13935681	0.659172
-27.5	82992	7288489	13852689	0.655247
-27.4	83243	7371732	13769446	0.651309
-27.3	83390	7455122	13686056	0.647365
-27.2	84790	7539912	13601266	0.643354
-27.1	83023	7622935	13518243	0.639427
-27	82429	7705364	13435814	0.635528
-26.9	82047	7787411	13353767	0.631647
-26.8	84525	7871936	13269242	0.627649
-26.7	84243	7956179	13184999	0.623664
-26.6	83755	8039934	13101244	0.619703
-26.5	83070	8123004	13018174	0.615773
-26.4	85149	8208153	12933025	0.611746
-26.3	84811	8292964	12848214	0.607734
-26.2	86087	8379051	12762127	0.603662
-26.1	85439	8464490	12676688	0.599621
-26	83820	8548310	12592868	0.595656
-25.9	83397	8631707	12509471	0.591711
-25.8	83427	8715134	12426044	0.587765
-25.7	82622	8797756	12343422	0.583857
-25.6	84201	8881957	12259221	0.579874
-25.5	83676	8965633	12175545	0.575916
-25.4	84037	9049670	12091508	0.571941
-25.3	84219	9133889	12007289	0.567957
-25.2	85629	9219518	11921660	0.563907
-25.1	87741	9307259	11833919	0.559757
-25	89217	9396476	11744702	0.555537
-24.9	91026	9487502	11653676	0.551231
-24.8	90968	9578470	11562708	0.546928
-24.7	92318	9670788	11470390	0.542562
-24.6	92072	9762860	11378318	0.538206
-24.5	93611	9856471	11284707	0.533779
-24.4	95186	9951657	11189521	0.529276
-24.3	97076	10048733	11092445	0.524684
-24.2	98677	10147410	10993768	0.520017
-24.1	98837	10246247	10894931	0.515342
-24	101184	10347431	10793747	0.510556
-23.9	101132	10448563	10692615	0.505772
-23.8	104207	10552770	10588408	0.500843
-23.7	104910	10657680	10483498	0.495881
-23.6	101851	10759531	10381647	0.491063
-23.5	102896	10862427	10278751	0.486196
-23.4	101591	10964018	10177160	0.48139
-23.3	100595	11064613	10076565	0.476632
-23.2	101184	11165797	9975381	0.471846
-23.1	100683	11266480	9874698	0.467084
-23	103439	11369919	9771259	0.462191
-22.9	104006	11473925	9667253	0.457271
-22.8	102888	11576813	9564365	0.452405
-22.7	102330	11679143	9462035	0.447564
-22.6	101604	11780747	9360431	0.442758
-22.5	100759	11881506	9259672	0.437992
-22.4	103183	11984689	9156489	0.433112
-22.3	101747	12086436	9054742	0.428299
-22.2	101593	12188029	8953149	0.423493
-22.1	98674	12286703	8854475	0.418826
-22	99925	12386628	8754550	0.414099
-21.9	99987	12486615	8654563	0.40937
-21.8	101351	12587966	8553212	0.404576
-21.7	99703	12687669	8453509	0.39986
-21.6	97275	12784944	8356234	0.395259
-21.5	96417	12881361	8259817	0.390698
-21.4	95189	12976550	8164628	0.386196
-21.3	94965	13071515	8069663	0.381704
-21.2	92757	13164272	7976906	0.377316
-21.1	89874	13254146	7887032	0.373065
-21	88236	13342382	7798796	0.368891
-20.9	87316	13429698	7711480	0.364761
-20.8	85109	13514807	7626371	0.360735
-20.7	85700	13600507	7540671	0.356682
-20.6	83823	13684330	7456848	0.352717
-20.5	82810	13767140	7374038	0.3488
-20.4	78706	13845846	7295332	0.345077
-20.3	80343	13926189	7214989	0.341277
-20.2	79443	14005632	7135546	0.337519
-20.1	79732	14085364	7055814	0.333747
-20	78420	14163784	6977394	0.330038
-19.9	77525	14241309	6899869	0.326371
-19.8	75690	14316999	6824179	0.322791
-19.7	74449	14391448	6749730	0.319269
-19.6	74255	14465703	6675475	0.315757
-19.5	72497	14538200	6602978	0.312328
-19.4	71503	14609703	6531475	0.308946
-19.3	71406	14681109	6460069	0.305568
-19.2	70924	14752033	6389145	0.302213
-19.1	70682	14822715	6318463	0.29887
-19	72535	14895250	6245928	0.295439
-18.9	68843	14964093	6177085	0.292183
-18.8	67758	15031851	6109327	0.288978
-18.7	66387	15098238	6042940	0.285837
-18.6	67074	15165312	5975866	0.282665
-18.5	65845	15231157	5910021	0.27955
-18.4	63811	15294968	5846210	0.276532
-18.3	65129	15360097	5781081	0.273451
-18.2	65867	15425964	5715214	0.270336
-18.1	66139	15492103	5649075	0.267207
-18	66670	15558773	5582405	0.264054
-17.9	66309	15625082	5516096	0.260917
-17.8	66630	15691712	5449466	0.257765
-17.7	66978	15758690	5382488	0.254597
-17.6	68006	15826696	5314482	0.251381
-17.5	68953	15895649	5245529	0.248119
-17.4	70444	15966093	5175085	0.244787
-17.3	67889	16033982	5107196	0.241576
-17.2	67538	16101520	5039658	0.238381
-17.1	69400	16170920	4970258	0.235098
-17	70287	16241207	4899971	0.231774
-16.9	72609	16313816	4827362	0.228339
-16.8	73458	16387274	4753904	0.224865
-16.7	72793	16460067	4681111	0.221421
-16.6	71368	16531435	4609743	0.218046
-16.5	73038	16604473	4536705	0.214591
-16.4	72023	16676496	4464682	0.211184
-16.3	69141	16745637	4395541	0.207914
-16.2	69145	16814782	4326396	0.204643
-16.1	69089	16883871	4257307	0.201375
-16	68551	16952422	4188756	0.198133
-15.9	69553	17021975	4119203	0.194843
-15.8	68600	17090575	4050603	0.191598
-15.7	70632	17161207	3979971	0.188257
-15.6	67118	17228325	3912853	0.185082
-15.5	69494	17297819	3843359	0.181795
-15.4	68779	17366598	3774580	0.178542
-15.3	69858	17436456	3704722	0.175237
-15.2	68470	17504926	3636252	0.171999
-15.1	65225	17570151	3571027	0.168913
-15	66857	17637008	3504170	0.165751
-14.9	65270	17702278	3438900	0.162664
-14.8	64843	17767121	3374057	0.159596
-14.7	62594	17829715	3311463	0.156636
-14.6	63541	17893256	3247922	0.15363
-14.5	63356	17956612	3184566	0.150633
-14.4	60450	18017062	3124116	0.147774
-14.3	58599	18075661	3065517	0.145002
-14.2	55684	18131345	3009833	0.142368
-14.1	54262	18185607	2955571	0.139802
-14	53070	18238677	2902501	0.137291
-13.9	54171	18292848	2848330	0.134729
-13.8	50101	18342949	2798229	0.132359
-13.7	50245	18393194	2747984	0.129983
-13.6	49560	18442754	2698424	0.127638
-13.5	46637	18489391	2651787	0.125432
-13.4	44656	18534047	2607131	0.12332
-13.3	45379	18579426	2561752	0.121174
-13.2	43706	18623132	2518046	0.119106
-13.1	44116	18667248	2473930	0.117019
-13	43990	18711238	2429940	0.114939
-12.9	42551	18753789	2387389	0.112926
-12.8	40167	18793956	2347222	0.111026
-12.7	39240	18833196	2307982	0.10917
-12.6	38371	18871567	2269611	0.107355
-12.5	37450	18909017	2232161	0.105584
-12.4	36125	18945142	2196036	0.103875
-12.3	33989	18979131	2162047	0.102267
-12.2	33785	19012916	2128262	0.100669
-12.1	35066	19047982	2093196	0.0990104
-12	33096	19081078	2060100	0.0974449
-11.9	33128	19114206	2026972	0.0958779
-11.8	31472	19145678	1995500	0.0943893
-11.7	29898	19175576	1965602	0.092975
-11.6	29788	19205364	1935814	0.091566
-11.5	29958	19235322	1905856	0.090149
-11.4	29909	19265231	1875947	0.0887343
-11.3	28605	19293836	1847342	0.0873812
-11.2	28161	19321997	1819181	0.0860492
-11.1	27133	19349130	1792048	0.0847658
-11	26790	19375920	1765258	0.0834986
-10.9	27289	19403209	1737969	0.0822078
-10.8	27215	19430424	1710754	0.0809205
-10.7	28158	19458582	1682596	0.0795886
-10.6	27928	19486510	1654668	0.0782675
-10.5	28262	19514772	1626406	0.0769307
-10.4	28379	19543151	1598027	0.0755884
-10.3	27897	19571048	1570130	0.0742688
-10.2	28959	19600007	1541171	0.072899
-10.1	27023	19627030	1514148	0.0716208
-10	29402	19656432	1484746	0.0702301
-9.9	27210	19683642	1457536	0.068943
-9.8	27474	19711116	1430062	0.0676434
-9.7	28245	19739361	1401817	0.0663074
-9.6	28485	19767846	1373332	0.0649601
-9.5	28623	19796469	1344709	0.0636062
-9.4	28588	19825057	1316121	0.0622539
-9.3	29076	19854133	1287045	0.0608786
-9.2	28045	19882178	1259000	0.059552
-9.1	27850	19910028	1231150	0.0582347
-9	26315	19936343	1204835	0.05699
-8.9	27236	19963579	1177599	0.0557017
-8.8	28651	19992230	1148948	0.0543465
-8.7	26858	20019088	1122090	0.053076
-8.6	26637	20045725	1095453	0.0518161
-8.5	26505	20072230	1068948	0.0505624
-8.4	25401	20097631	1043547	0.0493609
-8.3	25707	20123338	1017840	0.0481449
-8.2	52575	20175913	965265	0.0456581
-8.1	26785	20202698	938480	0.0443911
-8	25622	20228320	912858	0.0431791
-7.9	25447	20253767	887411	0.0419755
-7.8	25219	20278986	862192	0.0407826
-7.7	23184	20302170	839008	0.039686
-7.6	24163	20326333	814845	0.038543
-7.5	24448	20350781	790397	0.0373866
-7.4	22106	20372887	768291	0.036341
-7.3	21996	20394883	746295	0.0353005
-7.2	19791	20414674	726504	0.0343644
-7.1	19814	20434488	706690	0.0334272
-7	21469	20455957	685221	0.0324117
-6.9	19100	20475057	666121	0.0315082
-6.8	20100	20495157	646021	0.0305575
-6.7	18825	20513982	627196	0.029667
-6.6	17368	20531350	609828	0.0288455
-6.5	16696	20548046	593132	0.0280558
-6.4	15356	20563402	577776	0.0273294
-6.3	16058	20579460	561718	0.0265699
-6.2	14426	20593886	547292	0.0258875
-6.1	14391	20608277	532901	0.0252068
-6	14665	20622942	518236	0.0245131
-5.9	13667	20636609	504569	0.0238666
-5.8	11857	20648466	492712	0.0233058
-5.7	12666	20661132	480046	0.0227067
-5.6	12463	20673595	467583	0.0221172
-5.5	12378	20685973	455205	0.0215317
-5.4	12336	20698309	442869	0.0209482
-5.3	10864	20709173	432005	0.0204343
-5.2	10703	20719876	421302	0.019928
-5.1	9573	20729449	411729	0.0194752
-5	9442	20738891	402287	0.0190286
-4.9	8886	20747777	393401	0.0186083
-4.8	8268	20756045	385133	0.0182172
-4.7	8312	20764357	376821	0.017824
-4.6	7429	20771786	369392	0.0174726
-4.5	8220	20780006	361172	0.0170838
-4.4	7367	20787373	353805	0.0167353
-4.3	7182	20794555	346623	0.0163956
-4.2	7268	20801823	339355	0.0160518
-4.1	7156	20808979	332199	0.0157134
-4	6852	20815831	325347	0.0153893
-3.9	5812	20821643	319535	0.0151143
-3.8	6219	20827862	313316	0.0148202
-3.7	6113	20833975	307203	0.014531
-3.6	6439	20840414	300764	0.0142265
-3.5	5931	20846345	294833	0.0139459
-3.4	6089	20852434	288744	0.0136579
-3.3	6306	20858740	282438	0.0133596
-3.2	5909	20864649	276529	0.0130801
-3.1	6139	20870788	270390	0.0127897
-3	6148	20876936	264242	0.0124989
-2.9	6034	20882970	258208	0.0122135
-2.8	6498	20889468	251710	0.0119061
-2.7	6457	20895925	245253	0.0116007
-2.6	6047	20901972	239206	0.0113147
-2.5	5554	20907526	233652	0.011052
-2.4	5886	20913412	227766	0.0107736
-2.3	6233	20919645	221533	0.0104787
-2.2	6092	20925737	215441	0.0101906
-2.1	5986	20931723	209455	0.00990744
-2	5924	20937647	203531	0.00962723
-1.9	5707	20943354	197824	0.00935728
-1.8	5604	20948958	192220	0.00909221
-1.7	5764	20954722	186456	0.00881957
-1.6	5701	20960423	180755	0.0085499
-1.5	5945	20966368	174810	0.0082687
-1.4	6082	20972450	168728	0.00798101
-1.3	5647	20978097	163081	0.0077139
-1.2	5007	20983104	158074	0.00747707
-1.1	5565	20988669	152509	0.00721384
-1	5338	20994007	147171	0.00696134
-0.9	5292	20999299	141879	0.00671103
-0.8	5546	21004845	136333	0.00644869
-0.7	4577	21009422	131756	0.0062322
-0.6	4384	21013806	127372	0.00602483
-0.5	5188	21018994	122184	0.00577943
-0.4	5190	21024184	116994	0.00553394
-0.3	4596	21028780	112398	0.00531654
-0.2	5074	21033854	107324	0.00507654
-0.1	4046	21037900	103278	0.00488516
0	3897	21041797	99381	0.00470083
0.1	3850	21045647	95531	0.00451872
0.2	3815	21049462	91716	0.00433826
0.3	4156	21053618	87560	0.00414168
0.4	3974	21057592	83586	0.00395371
0.5	3248	21060840	80338	0.00380007
0.6	3224	21064064	77114	0.00364757
0.7	3242	21067306	73872	0.00349422
0.8	3416	21070722	70456	0.00333264
0.9	3137	21073859	67319	0.00318426
1	2758	21076617	64561	0.0030538
1.1	2651	21079268	61910	0.00292841
1.2	2167	21081435	59743	0.00282591
1.3	2519	21083954	57224	0.00270676
1.4	2221	21086175	55003	0.0026017
1.5	2388	21088563	52615	0.00248874
1.6	2073	21090636	50542	0.00239069
1.7	2387	21093023	48155	0.00227778
1.8	1752	21094775	46403	0.00219491
1.9	1531	21096306	44872	0.00212249
2	1617	21097923	43255	0.00204601
2.1	1519	21099442	41736	0.00197416
2.2	1424	21100866	40312	0.0019068
2.3	1444	21102310	38868	0.0018385
2.4	1266	21103576	37602	0.00177861
2.5	1116	21104692	36486	0.00172583
2.6	944	21105636	35542	0.00168117
2.7	922	21106558	34620	0.00163756
2.8	882	21107440	33738	0.00159584
2.9	3358	21110798	30380	0.00143701
3	916	21111714	29464	0.00139368
3.1	949	21112663	28515	0.00134879
3.2	733	21113396	27782	0.00131412
3.3	612	21114008	27170	0.00128517
3.4	884	21114892	26286	0.00124336
3.5	818	21115710	25468	0.00120466
3.6	588	21116298	24880	0.00117685
3.7	432	21116730	24448	0.00115642
3.8	745	21117475	23703	0.00112118
3.9	568	21118043	23135	0.00109431
4	662	21118705	22473	0.001063
4.1	554	21119259	21919	0.00103679
4.2	490	21119749	21429	0.00101361
4.3	680	21120429	20749	0.00098145
4.4	751	21121180	19998	0.000945926
4.5	543	21121723	19455	0.000920242
4.6	572	21122295	18883	0.000893186
4.7	532	21122827	18351	0.000868022
4.8	616	21123443	17735	0.000838884
4.9	928	21124371	16807	0.000794989
5	616	21124987	16191	0.000765851
5.1	381	21125368	15810	0.00074783
5.2	477	21125845	15333	0.000725267
5.3	528	21126373	14805	0.000700292
5.4	653	21127026	14152	0.000669405
5.5	510	21127536	13642	0.000645281
5.6	556	21128092	13086	0.000618982
5.7	442	21128534	12644	0.000598075
5.8	473	21129007	12171	0.000575701
5.9	573	21129580	11598	0.000548598
6	426	21130006	11172	0.000528447
6.1	414	21130420	10758	0.000508865
6.2	440	21130860	10318	0.000488052
6.3	495	21131355	9823	0.000464638
6.4	403	21131758	9420	0.000445576
6.5	650	21132408	8770	0.00041483
6.6	622	21133030	8148	0.000385409
6.7	371	21133401	7777	0.00036786
6.8	587	21133988	7190	0.000340095
6.9	372	21134360	6818	0.000322499
7	381	21134741	6437	0.000304477
7.1	454	21135195	5983	0.000283002
7.2	271	21135466	5712	0.000270184
7.3	505	21135971	5207	0.000246297
7.4	468	21136439	4739	0.00022416
7.5	416	21136855	4323	0.000204482
7.6	281	21137136	4042	0.000191191
7.7	261	21137397	3781	0.000178845
7.8	309	21137706	3472	0.000164229
7.9	193	21137899	3279	0.0001551
8	241	21138140	3038	0.000143701
8.1	287	21138427	2751	0.000130125
8.2	214	21138641	2537	0.000120003
8.3	228	21138869	2309	0.000109218
8.4	338	21139207	1971	9.32304E-05
8.5	200	21139407	1771	8.37702E-05
8.6	153	21139560	1618	7.65331E-05
8.7	207	21139767	1411	6.67418E-05
8.8	77	21139844	1334	6.30996E-05
8.9	149	21139993	1185	5.60517E-05
9	168	21140161	1017	4.81052E-05
9.1	175	21140336	842	3.98275E-05
9.2	163	21140499	679	3.21174E-05
9.3	221	21140720	458	2.16639E-05
9.4	134	21140854	324	1.53255E-05
9.5	0	21140854	324	1.53255E-05
9.6	26	21140880	298	1.40957E-05
9.7	27	21140907	271	1.28186E-05
9.8	0	21140907	271	1.28186E-05
9.9	67	21140974	204	9.64941E-06
10	55	21141029	149	7.04786E-06
10.1	18	21141047	131	6.19644E-06
10.2	48	21141095	83	3.92599E-06
10.3	20	21141115	63	2.97997E-06
10.4	8	21141123	55	2.60156E-06
10.5	33	21141156	22	1.04062E-06
10.6	7	21141163	15	7.09516E-07
10.7	0	21141163	15	7.09516E-07
10.8	1	21141164	14	6.62215E-07
10.9	5	21141169	9	4.25709E-07
11	0	21141169	9	4.25709E-07
11.1	0	21141169	9	4.25709E-07
11.2	9	21141178	0	0
