#score	occ	co	cco	dCDF
-51	10	10	21141168	1
-50.9	0	10	21141168	1
-50.8	0	10	21141168	1
-50.7	50	60	21141118	0.999997
-50.6	22	82	21141096	0.999996
-50.5	93	175	21141003	0.999992
-50.4	36	211	21140967	0.99999
-50.3	183	394	21140784	0.999981
-50.2	111	505	21140673	0.999976
-50.1	268	773	21140405	0.999963
-50	331	1104	21140074	0.999948
-49.9	392	1496	21139682	0.999929
-49.8	381	1877	21139301	0.999911
-49.7	757	2634	21138544	0.999875
-49.6	883	3517	21137661	0.999834
-49.5	851	4368	21136810	0.999793
-49.4	987	5355	21135823	0.999747
-49.3	1170	6525	21134653	0.999691
-49.2	1350	7875	21133303	0.999628
-49.1	1137	9012	21132166	0.999574
-49	1289	10301	21130877	0.999513
-48.9	1235	11536	21129642	0.999454
-48.8	1416	12952	21128226	0.999387
-48.7	1152	14104	21127074	0.999333
-48.6	1413	15517	21125661	0.999266
-48.5	1211	16728	21124450	0.999209
-48.4	1076	17804	21123374	0.999158
-48.3	1192	18996	21122182	0.999101
-48.2	1057	20053	21121125	0.999051
-48.1	1101	21154	21120024	0.998999
-48	918	22072	21119106	0.998956
-47.9	1145	23217	21117961	0.998902
-47.8	991	24208	21116970	0.998855
-47.7	1099	25307	21115871	0.998803
-47.6	1008	26315	21114863	0.998755
-47.5	1272	27587	21113591	0.998695
-47.4	1116	28703	21112475	0.998642
-47.3	1253	29956	21111222	0.998583
-47.2	1280	31236	21109942	0.998523
-47.1	1759	32995	21108183	0.998439
-47	1580	34575	21106603	0.998365
-46.9	1783	36358	21104820	0.99828
-46.8	1962	38320	21102858	0.998187
-46.7	1761	40081	21101097	0.998104
-46.6	2078	42159	21099019	0.998006
-46.5	2395	44554	21096624	0.997893
-46.4	2468	47022	21094156	0.997776
-46.3	2771	49793	21091385	0.997645
-46.2	2862	52655	21088523	0.997509
-46.1	3182	55837	21085341	0.997359
-46	3117	58954	21082224	0.997211
-45.9	3430	62384	21078794	0.997049
-45.8	3737	66121	21075057	0.996872
-45.7	3951	70072	21071106	0.996686
-45.6	4353	74425	21066753	0.99648
-45.5	4296	78721	21062457	0.996276
-45.4	7186	85907	21055271	0.995937
-45.3	4775	90682	21050496	0.995711
-45.2	4949	95631	21045547	0.995477
-45.1	5037	100668	21040510	0.995238
-45	5726	106394	21034784	0.994967
-44.9	5234	111628	21029550	0.99472
-44.8	5670	117298	21023880	0.994452
-44.7	6044	123342	21017836	0.994166
-44.6	6135	129477	21011701	0.993876
-44.5	6044	135521	21005657	0.99359
-44.4	5975	141496	20999682	0.993307
-44.3	6628	148124	20993054	0.992994
-44.2	6943	155067	20986111	0.992665
-44.1	6967	162034	20979144	0.992336
-44	7021	169055	20972123	0.992004
-43.9	6879	175934	20965244	0.991678
-43.8	6981	182915	20958263	0.991348
-43.7	7057	189972	20951206	0.991014
-43.6	7516	197488	20943690	0.990659
-43.5	7451	204939	20936239	0.990306
-43.4	7966	212905	20928273	0.989929
-43.3	8139	221044	20920134	0.989544
-43.2	8047	229091	20912087	0.989164
-43.1	8361	237452	20903726	0.988768
-43	8167	245619	20895559	0.988382
-42.9	8455	254074	20887104	0.987982
-42.8	8533	262607	20878571	0.987578
-42.7	9336	271943	20869235	0.987137
-42.6	9279	281222	20859956	0.986698
-42.5	10532	291754	20849424	0.9862
-42.4	11094	302848	20838330	0.985675
-42.3	11614	314462	20826716	0.985126
-42.2	11097	325559	20815619	0.984601
-42.1	10642	336201	20804977	0.984097
-42	11599	347800	20793378	0.983549
-41.9	11497	359297	20781881	0.983005
-41.8	12443	371740	20769438	0.982416
-41.7	12530	384270	20756908	0.981824
-41.6	12825	397095	20744083	0.981217
-41.5	12797	409892	20731286	0.980612
-41.4	12768	422660	20718518	0.980008
-41.3	13542	436202	20704976	0.979367
-41.2	13225	449427	20691751	0.978742
-41.1	13567	462994	20678184	0.9781
-41	14411	477405	20663773	0.977418
-40.9	14190	491595	20649583	0.976747
-40.8	14398	505993	20635185	0.976066
-40.7	15210	521203	20619975	0.975347
-40.6	15203	536406	20604772	0.974627
-40.5	15581	551987	20589191	0.97389
-40.4	16594	568581	20572597	0.973106
-40.3	15589	584170	20557008	0.972368
-40.2	17420	601590	20539588	0.971544
-40.1	16821	618411	20522767	0.970749
-40	17063	635474	20505704	0.969941
-39.9	18097	653571	20487607	0.969085
-39.8	18099	671670	20469508	0.968229
-39.7	19589	691259	20449919	0.967303
-39.6	19975	711234	20429944	0.966358
-39.5	20377	731611	20409567	0.965394
-39.4	20694	752305	20388873	0.964415
-39.3	21281	773586	20367592	0.963409
-39.2	21532	795118	20346060	0.96239
-39.1	22390	817508	20323670	0.961331
-39	23219	840727	20300451	0.960233
-38.9	23387	864114	20277064	0.959126
-38.8	23799	887913	20253265	0.958001
-38.7	24542	912455	20228723	0.95684
-38.6	26209	938664	20202514	0.9556
-38.5	26006	964670	20176508	0.95437
-38.4	26953	991623	20149555	0.953095
-38.3	27349	1018972	20122206	0.951802
-38.2	28857	1047829	20093349	0.950437
-38.1	28738	1076567	20064611	0.949077
-38	29727	1106294	20034884	0.947671
-37.9	31162	1137456	20003722	0.946197
-37.8	32581	1170037	19971141	0.944656
-37.7	33528	1203565	19937613	0.94307
-37.6	32378	1235943	19905235	0.941539
-37.5	32835	1268778	19872400	0.939985
-37.4	34428	1303206	19837972	0.938357
-37.3	34521	1337727	19803451	0.936724
-37.2	34622	1372349	19768829	0.935086
-37.1	34626	1406975	19734203	0.933449
-37	35595	1442570	19698608	0.931765
-36.9	35483	1478053	19663125	0.930087
-36.8	36061	1514114	19627064	0.928381
-36.7	36390	1550504	19590674	0.92666
-36.6	37968	1588472	19552706	0.924864
-36.5	36586	1625058	19516120	0.923133
-36.4	37219	1662277	19478901	0.921373
-36.3	36736	1699013	19442165	0.919635
-36.2	37086	1736099	19405079	0.917881
-36.1	37925	1774024	19367154	0.916087
-36	37142	1811166	19330012	0.91433
-35.9	37077	1848243	19292935	0.912576
-35.8	38356	1886599	19254579	0.910762
-35.7	39022	1925621	19215557	0.908916
-35.6	38777	1964398	19176780	0.907082
-35.5	42141	2006539	19134639	0.905089
-35.4	40746	2047285	19093893	0.903161
-35.3	42452	2089737	19051441	0.901153
-35.2	42930	2132667	19008511	0.899123
-35.1	44512	2177179	18963999	0.897017
-35	44751	2221930	18919248	0.8949
-34.9	45607	2267537	18873641	0.892743
-34.8	44863	2312400	18828778	0.890621
-34.7	45945	2358345	18782833	0.888448
-34.6	47167	2405512	18735666	0.886217
-34.5	47857	2453369	18687809	0.883953
-34.4	47740	2501109	18640069	0.881695
-34.3	48680	2549789	18591389	0.879392
-34.2	49871	2599660	18541518	0.877033
-34.1	50928	2650588	18490590	0.874624
-34	50884	2701472	18439706	0.872218
-33.9	51248	2752720	18388458	0.869793
-33.8	50881	2803601	18337577	0.867387
-33.7	52546	2856147	18285031	0.864901
-33.6	53585	2909732	18231446	0.862367
-33.5	52455	2962187	18178991	0.859885
-33.4	53684	3015871	18125307	0.857346
-33.3	53562	3069433	18071745	0.854813
-33.2	53144	3122577	18018601	0.852299
-33.1	54183	3176760	17964418	0.849736
-33	54299	3231059	17910119	0.847168
-32.9	55945	3287004	17854174	0.844521
-32.8	56266	3343270	17797908	0.84186
-32.7	57700	3400970	17740208	0.839131
-32.6	56625	3457595	17683583	0.836452
-32.5	57605	3515200	17625978	0.833727
-32.4	58861	3574061	17567117	0.830943
-32.3	60332	3634393	17506785	0.828089
-32.2	60209	3694602	17446576	0.825241
-32.1	60501	3755103	17386075	0.82238
-32	61034	3816137	17325041	0.819493
-31.9	61724	3877861	17263317	0.816573
-31.8	63144	3941005	17200173	0.813586
-31.7	63831	4004836	17136342	0.810567
-31.6	66075	4070911	17070267	0.807442
-31.5	66243	4137154	17004024	0.804308
-31.4	67257	4204411	16936767	0.801127
-31.3	95973	4300384	16840794	0.796587
-31.2	70001	4370385	16770793	0.793276
-31.1	76364	4446749	16694429	0.789664
-31	71817	4518566	16622612	0.786267
-30.9	74536	4593102	16548076	0.782741
-30.8	74441	4667543	16473635	0.77922
-30.7	76412	4743955	16397223	0.775606
-30.6	77043	4820998	16320180	0.771962
-30.5	78976	4899974	16241204	0.768226
-30.4	77903	4977877	16163301	0.764541
-30.3	79572	5057449	16083729	0.760777
-30.2	79616	5137065	16004113	0.757011
-30.1	82990	5220055	15921123	0.753086
-30	81676	5301731	15839447	0.749223
-29.9	79854	5381585	15759593	0.745445
-29.8	80187	5461772	15679406	0.741652
-29.7	81026	5542798	15598380	0.73782
-29.6	84828	5627626	15513552	0.733807
-29.5	81968	5709594	15431584	0.72993
-29.4	81402	5790996	15350182	0.72608
-29.3	83391	5874387	15266791	0.722135
-29.2	81244	5955631	15185547	0.718292
-29.1	81586	6037217	15103961	0.714433
-29	81478	6118695	15022483	0.710579
-28.9	82894	6201589	14939589	0.706658
-28.8	83698	6285287	14855891	0.702699
-28.7	81016	6366303	14774875	0.698867
-28.6	80736	6447039	14694139	0.695048
-28.5	81122	6528161	14613017	0.691211
-28.4	82627	6610788	14530390	0.687303
-28.3	82282	6693070	14448108	0.683411
-28.2	84319	6777389	14363789	0.679422
-28.1	83365	6860754	14280424	0.675479
-28	84798	6945552	14195626	0.671468
-27.9	83904	7029456	14111722	0.667499
-27.8	83245	7112701	14028477	0.663562
-27.7	82581	7195282	13945896	0.659656
-27.6	82550	7277832	13863346	0.655751
-27.5	84032	7361864	13779314	0.651776
-27.4	84192	7446056	13695122	0.647794
-27.3	86185	7532241	13608937	0.643717
-27.2	85416	7617657	13523521	0.639677
-27.1	87234	7704891	13436287	0.635551
-27	86082	7790973	13350205	0.631479
-26.9	87254	7878227	13262951	0.627352
-26.8	87330	7965557	13175621	0.623221
-26.7	85578	8051135	13090043	0.619173
-26.6	83224	8134359	13006819	0.615236
-26.5	84273	8218632	12922546	0.61125
-26.4	84923	8303555	12837623	0.607233
-26.3	86738	8390293	12750885	0.60313
-26.2	84273	8474566	12666612	0.599144
-26.1	86710	8561276	12579902	0.595043
-26	85315	8646591	12494587	0.591007
-25.9	83987	8730578	12410600	0.587034
-25.8	84177	8814755	12326423	0.583053
-25.7	83428	8898183	12242995	0.579107
-25.6	83624	8981807	12159371	0.575151
-25.5	82035	9063842	12077336	0.571271
-25.4	83378	9147220	11993958	0.567327
-25.3	82017	9229237	11911941	0.563447
-25.2	83153	9312390	11828788	0.559514
-25.1	83367	9395757	11745421	0.555571
-25	82743	9478500	11662678	0.551657
-24.9	84681	9563181	11577997	0.547651
-24.8	83776	9646957	11494221	0.543689
-24.7	85942	9732899	11408279	0.539624
-24.6	86558	9819457	11321721	0.535529
-24.5	85697	9905154	11236024	0.531476
-24.4	86874	9992028	11149150	0.527367
-24.3	88218	10080246	11060932	0.523194
-24.2	89356	10169602	10971576	0.518967
-24.1	90606	10260208	10880970	0.514681
-24	91336	10351544	10789634	0.510361
-23.9	92711	10444255	10696923	0.505976
-23.8	91927	10536182	10604996	0.501627
-23.7	93565	10629747	10511431	0.497202
-23.6	95663	10725410	10415768	0.492677
-23.5	98204	10823614	10317564	0.488032
-23.4	96120	10919734	10221444	0.483485
-23.3	98208	11017942	10123236	0.47884
-23.2	98897	11116839	10024339	0.474162
-23.1	98794	11215633	9925545	0.469489
-23	97628	11313261	9827917	0.464871
-22.9	98026	11411287	9729891	0.460234
-22.8	98626	11509913	9631265	0.455569
-22.7	98012	11607925	9533253	0.450933
-22.6	95400	11703325	9437853	0.44642
-22.5	98158	11801483	9339695	0.441777
-22.4	97054	11898537	9242641	0.437187
-22.3	97679	11996216	9144962	0.432566
-22.2	96342	12092558	9048620	0.428009
-22.1	95427	12187985	8953193	0.423495
-22	94755	12282740	8858438	0.419013
-21.9	92143	12374883	8766295	0.414655
-21.8	93557	12468440	8672738	0.41023
-21.7	90357	12558797	8582381	0.405956
-21.6	91331	12650128	8491050	0.401636
-21.5	89247	12739375	8401803	0.397414
-21.4	88399	12827774	8313404	0.393233
-21.3	88692	12916466	8224712	0.389038
-21.2	87317	13003783	8137395	0.384907
-21.1	86550	13090333	8050845	0.380813
-21	84194	13174527	7966651	0.376831
-20.9	84847	13259374	7881804	0.372818
-20.8	85066	13344440	7796738	0.368794
-20.7	84727	13429167	7712011	0.364786
-20.6	85353	13514520	7626658	0.360749
-20.5	85240	13599760	7541418	0.356717
-20.4	84669	13684429	7456749	0.352712
-20.3	81968	13766397	7374781	0.348835
-20.2	79397	13845794	7295384	0.345079
-20.1	80033	13925827	7215351	0.341294
-20	78853	14004680	7136498	0.337564
-19.9	79612	14084292	7056886	0.333798
-19.8	79900	14164192	6976986	0.330019
-19.7	81484	14245676	6895502	0.326165
-19.6	78912	14324588	6816590	0.322432
-19.5	76366	14400954	6740224	0.31882
-19.4	77591	14478545	6662633	0.31515
-19.3	75855	14554400	6586778	0.311562
-19.2	73487	14627887	6513291	0.308086
-19.1	71368	14699255	6441923	0.30471
-19	68434	14767689	6373489	0.301473
-18.9	69363	14837052	6304126	0.298192
-18.8	69114	14906166	6235012	0.294923
-18.7	69293	14975459	6165719	0.291645
-18.6	68798	15044257	6096921	0.288391
-18.5	67186	15111443	6029735	0.285213
-18.4	67647	15179090	5962088	0.282013
-18.3	68381	15247471	5893707	0.278779
-18.2	66684	15314155	5827023	0.275624
-18.1	67466	15381621	5759557	0.272433
-18	66131	15447752	5693426	0.269305
-17.9	64867	15512619	5628559	0.266237
-17.8	64306	15576925	5564253	0.263195
-17.7	63554	15640479	5500699	0.260189
-17.6	64923	15705402	5435776	0.257118
-17.5	64559	15769961	5371217	0.254064
-17.4	64763	15834724	5306454	0.251001
-17.3	65722	15900446	5240732	0.247892
-17.2	64637	15965083	5176095	0.244835
-17.1	66725	16031808	5109370	0.241679
-17	64855	16096663	5044515	0.238611
-16.9	66110	16162773	4978405	0.235484
-16.8	66572	16229345	4911833	0.232335
-16.7	67082	16296427	4844751	0.229162
-16.6	69126	16365553	4775625	0.225892
-16.5	68740	16434293	4706885	0.222641
-16.4	67718	16502011	4639167	0.219437
-16.3	67923	16569934	4571244	0.216225
-16.2	67135	16637069	4504109	0.213049
-16.1	66433	16703502	4437676	0.209907
-16	66953	16770455	4370723	0.20674
-15.9	69453	16839908	4301270	0.203455
-15.8	69039	16908947	4232231	0.200189
-15.7	69551	16978498	4162680	0.196899
-15.6	68460	17046958	4094220	0.193661
-15.5	70509	17117467	4023711	0.190326
-15.4	71721	17189188	3951990	0.186933
-15.3	69306	17258494	3882684	0.183655
-15.2	66758	17325252	3815926	0.180497
-15.1	63044	17388296	3752882	0.177515
-15	63685	17451981	3689197	0.174503
-14.9	60987	17512968	3628210	0.171618
-14.8	62702	17575670	3565508	0.168652
-14.7	62141	17637811	3503367	0.165713
-14.6	60759	17698570	3442608	0.162839
-14.5	58047	17756617	3384561	0.160093
-14.4	58517	17815134	3326044	0.157325
-14.3	57799	17872933	3268245	0.154591
-14.2	57199	17930132	3211046	0.151886
-14.1	55679	17985811	3155367	0.149252
-14	55104	18040915	3100263	0.146646
-13.9	49723	18090638	3050540	0.144294
-13.8	51534	18142172	2999006	0.141856
-13.7	50304	18192476	2948702	0.139477
-13.6	49815	18242291	2898887	0.13712
-13.5	47286	18289577	2851601	0.134884
-13.4	47577	18337154	2804024	0.132633
-13.3	46635	18383789	2757389	0.130427
-13.2	48815	18432604	2708574	0.128118
-13.1	47456	18480060	2661118	0.125874
-13	44904	18524964	2616214	0.12375
-12.9	42499	18567463	2573715	0.121739
-12.8	43355	18610818	2530360	0.119689
-12.7	41677	18652495	2488683	0.117717
-12.6	42202	18694697	2446481	0.115721
-12.5	39182	18733879	2407299	0.113868
-12.4	39279	18773158	2368020	0.11201
-12.3	38681	18811839	2329339	0.11018
-12.2	38607	18850446	2290732	0.108354
-12.1	37797	18888243	2252935	0.106566
-12	37089	18925332	2215846	0.104812
-11.9	35588	18960920	2180258	0.103129
-11.8	33951	18994871	2146307	0.101523
-11.7	34391	19029262	2111916	0.0998959
-11.6	33915	19063177	2078001	0.0982916
-11.5	33476	19096653	2044525	0.0967082
-11.4	31608	19128261	2012917	0.0952131
-11.3	30890	19159151	1982027	0.093752
-11.2	29165	19188316	1952862	0.0923724
-11.1	31004	19219320	1921858	0.0909059
-11	30546	19249866	1891312	0.0894611
-10.9	29865	19279731	1861447	0.0880484
-10.8	29752	19309483	1831695	0.0866411
-10.7	29512	19338995	1802183	0.0852452
-10.6	28784	19367779	1773399	0.0838836
-10.5	30401	19398180	1742998	0.0824456
-10.4	28577	19426757	1714421	0.0810939
-10.3	29294	19456051	1685127	0.0797083
-10.2	28337	19484388	1656790	0.0783679
-10.1	28261	19512649	1628529	0.0770311
-10	28827	19541476	1599702	0.0756676
-9.9	27378	19568854	1572324	0.0743726
-9.8	27713	19596567	1544611	0.0730617
-9.7	28915	19625482	1515696	0.071694
-9.6	28308	19653790	1487388	0.070355
-9.5	30085	19683875	1457303	0.068932
-9.4	28621	19712496	1428682	0.0675782
-9.3	28849	19741345	1399833	0.0662136
-9.2	29920	19771265	1369913	0.0647983
-9.1	28153	19799418	1341760	0.0634667
-9	29006	19828424	1312754	0.0620946
-8.9	28812	19857236	1283942	0.0607318
-8.8	27496	19884732	1256446	0.0594312
-8.7	27755	19912487	1228691	0.0581184
-8.6	26695	19939182	1201996	0.0568557
-8.5	27958	19967140	1174038	0.0555332
-8.4	27937	19995077	1146101	0.0542118
-8.3	26975	20022052	1119126	0.0529358
-8.2	55034	20077086	1064092	0.0503327
-8.1	28085	20105171	1036007	0.0490042
-8	29157	20134328	1006850	0.0476251
-7.9	26772	20161100	980078	0.0463587
-7.8	25799	20186899	954279	0.0451384
-7.7	24026	20210925	930253	0.0440019
-7.6	21610	20232535	908643	0.0429798
-7.5	22987	20255522	885656	0.0418925
-7.4	21698	20277220	863958	0.0408661
-7.3	22719	20299939	841239	0.0397915
-7.2	21487	20321426	819752	0.0387751
-7.1	20640	20342066	799112	0.0377988
-7	21732	20363798	777380	0.0367709
-6.9	19488	20383286	757892	0.0358491
-6.8	19749	20403035	738143	0.0349149
-6.7	18545	20421580	719598	0.0340377
-6.6	18036	20439616	701562	0.0331846
-6.5	16379	20455995	685183	0.0324099
-6.4	17675	20473670	667508	0.0315738
-6.3	16073	20489743	651435	0.0308136
-6.2	15426	20505169	636009	0.0300839
-6.1	15036	20520205	620973	0.0293727
-6	15274	20535479	605699	0.0286502
-5.9	15183	20550662	590516	0.027932
-5.8	14845	20565507	575671	0.0272298
-5.7	14611	20580118	561060	0.0265387
-5.6	13346	20593464	547714	0.0259074
-5.5	13464	20606928	534250	0.0252706
-5.4	12819	20619747	521431	0.0246642
-5.3	11404	20631151	510027	0.0241248
-5.2	12481	20643632	497546	0.0235345
-5.1	11618	20655250	485928	0.0229849
-5	11050	20666300	474878	0.0224622
-4.9	10522	20676822	464356	0.0219645
-4.8	10254	20687076	454102	0.0214795
-4.7	9687	20696763	444415	0.0210213
-4.6	10341	20707104	434074	0.0205322
-4.5	9619	20716723	424455	0.0200772
-4.4	9245	20725968	415210	0.0196399
-4.3	8722	20734690	406488	0.0192273
-4.2	8099	20742789	398389	0.0188442
-4.1	7744	20750533	390645	0.0184779
-4	7656	20758189	382989	0.0181158
-3.9	7798	20765987	375191	0.0177469
-3.8	7617	20773604	367574	0.0173866
-3.7	7766	20781370	359808	0.0170193
-3.6	6919	20788289	352889	0.016692
-3.5	7115	20795404	345774	0.0163555
-3.4	7410	20802814	338364	0.016005
-3.3	7607	20810421	330757	0.0156452
-3.2	6864	20817285	323893	0.0153205
-3.1	6952	20824237	316941	0.0149916
-3	6610	20830847	310331	0.014679
-2.9	6934	20837781	303397	0.014351
-2.8	6622	20844403	296775	0.0140378
-2.7	7562	20851965	289213	0.0136801
-2.6	6216	20858181	282997	0.0133861
-2.5	6271	20864452	276726	0.0130894
-2.4	7090	20871542	269636	0.0127541
-2.3	6711	20878253	262925	0.0124366
-2.2	6211	20884464	256714	0.0121428
-2.1	6532	20890996	250182	0.0118339
-2	5967	20896963	244215	0.0115516
-1.9	6953	20903916	237262	0.0112227
-1.8	9409	20913325	227853	0.0107777
-1.7	6510	20919835	221343	0.0104698
-1.6	6158	20925993	215185	0.0101785
-1.5	5919	20931912	209266	0.0098985
-1.4	6184	20938096	203082	0.00960599
-1.3	5994	20944090	197088	0.00932247
-1.2	6163	20950253	190925	0.00903095
-1.1	6176	20956429	184749	0.00873882
-1	5542	20961971	179207	0.00847668
-0.9	5865	20967836	173342	0.00819926
-0.8	5967	20973803	167375	0.00791701
-0.7	5807	20979610	161568	0.00764234
-0.6	5846	20985456	155722	0.00736581
-0.5	6353	20991809	149369	0.00706531
-0.4	5894	20997703	143475	0.00678652
-0.3	4964	21002667	138511	0.00655172
-0.2	5391	21008058	133120	0.00629672
-0.1	4139	21012197	128981	0.00610094
0	4409	21016606	124572	0.00589239
0.1	4639	21021245	119933	0.00567296
0.2	3773	21025018	116160	0.00549449
0.3	3639	21028657	112521	0.00532236
0.4	3766	21032423	108755	0.00514423
0.5	4090	21036513	104665	0.00495076
0.6	3919	21040432	100746	0.00476539
0.7	4348	21044780	96398	0.00455973
0.8	2948	21047728	93450	0.00442028
0.9	3002	21050730	90448	0.00427829
1	3030	21053760	87418	0.00413496
1.1	2679	21056439	84739	0.00400824
1.2	2956	21059395	81783	0.00386842
1.3	2616	21062011	79167	0.00374468
1.4	2621	21064632	76546	0.00362071
1.5	2484	21067116	74062	0.00350321
1.6	2500	21069616	71562	0.00338496
1.7	2455	21072071	69107	0.00326883
1.8	2234	21074305	66873	0.00316316
1.9	1917	21076222	64956	0.00307249
2	2240	21078462	62716	0.00296653
2.1	1849	21080311	60867	0.00287907
2.2	2169	21082480	58698	0.00277648
2.3	1701	21084181	56997	0.00269602
2.4	1703	21085884	55294	0.00261546
2.5	1559	21087443	53735	0.00254172
2.6	1538	21088981	52197	0.00246897
2.7	1385	21090366	50812	0.00240346
2.8	1439	21091805	49373	0.00233539
2.9	1254	21093059	48119	0.00227608
3	1256	21094315	46863	0.00221667
3.1	1497	21095812	45366	0.00214586
3.2	1193	21097005	44173	0.00208943
3.3	1150	21098155	43023	0.00203503
3.4	1063	21099218	41960	0.00198475
3.5	979	21100197	40981	0.00193844
3.6	965	21101162	40016	0.0018928
3.7	1028	21102190	38988	0.00184417
3.8	775	21102965	38213	0.00180752
3.9	814	21103779	37399	0.00176901
4	902	21104681	36497	0.00172635
4.1	1291	21105972	35206	0.00166528
4.2	935	21106907	34271	0.00162105
4.3	737	21107644	33534	0.00158619
4.4	929	21108573	32605	0.00154225
4.5	514	21109087	32091	0.00151794
4.6	832	21109919	31259	0.00147858
4.7	1093	21111012	30166	0.00142688
4.8	763	21111775	29403	0.00139079
4.9	1122	21112897	28281	0.00133772
5	832	21113729	27449	0.00129837
5.1	742	21114471	26707	0.00126327
5.2	727	21115198	25980	0.00122888
5.3	903	21116101	25077	0.00118617
5.4	750	21116851	24327	0.00115069
5.5	816	21117667	23511	0.0011121
5.6	1007	21118674	22504	0.00106446
5.7	753	21119427	21751	0.00102885
5.8	799	21120226	20952	0.000991052
5.9	781	21121007	20171	0.00095411
6	615	21121622	19556	0.000925019
6.1	802	21122424	18754	0.000887084
6.2	853	21123277	17901	0.000846736
6.3	748	21124025	17153	0.000811355
6.4	681	21124706	16472	0.000779143
6.5	436	21125142	16036	0.00075852
6.6	1228	21126370	14808	0.000700434
6.7	729	21127099	14079	0.000665952
6.8	639	21127738	13440	0.000635726
6.9	910	21128648	12530	0.000592682
7	645	21129293	11885	0.000562173
7.1	716	21130009	11169	0.000528305
7.2	523	21130532	10646	0.000503567
7.3	1239	21131771	9407	0.000444961
7.4	666	21132437	8741	0.000413459
7.5	570	21133007	8171	0.000386497
7.6	492	21133499	7679	0.000363225
7.7	381	21133880	7298	0.000345203
7.8	412	21134292	6886	0.000325715
7.9	477	21134769	6409	0.000303152
8	284	21135053	6125	0.000289719
8.1	576	21135629	5549	0.000262474
8.2	393	21136022	5156	0.000243884
8.3	412	21136434	4744	0.000224396
8.4	276	21136710	4468	0.000211341
8.5	316	21137026	4152	0.000196394
8.6	351	21137377	3801	0.000179791
8.7	189	21137566	3612	0.000170851
8.8	320	21137886	3292	0.000155715
8.9	219	21138105	3073	0.000145356
9	271	21138376	2802	0.000132538
9.1	296	21138672	2506	0.000118536
9.2	328	21139000	2178	0.000103022
9.3	144	21139144	2034	9.62103E-05
9.4	210	21139354	1824	8.62771E-05
9.5	261	21139615	1563	7.39315E-05
9.6	90	21139705	1473	6.96745E-05
9.7	321	21140026	1152	5.44908E-05
9.8	165	21140191	987	4.66861E-05
9.9	49	21140240	938	4.43684E-05
10	340	21140580	598	2.8286E-05
10.1	99	21140679	499	2.36032E-05
10.2	0	21140679	499	2.36032E-05
10.3	127	21140806	372	1.7596E-05
10.4	53	21140859	319	1.5089E-05
10.5	0	21140859	319	1.5089E-05
10.6	144	21141003	175	8.27768E-06
10.7	36	21141039	139	6.57485E-06
10.8	58	21141097	81	3.83139E-06
10.9	61	21141158	20	9.46021E-07
11	0	21141158	20	9.46021E-07
11.1	0	21141158	20	9.46021E-07
11.2	20	21141178	0	0
