#weight	occ	cum	dcum	dCDF
-51.4	2	2	42282356	      1
-51.3	4	6	42282354	      1
-51.2	4	10	42282350	      1
-51.1	18	28	42282346	      1
-51	0	28	42282328	0.999999
-50.9	13	41	42282328	0.999999
-50.8	11	52	42282315	0.999999
-50.7	53	105	42282304	0.999999
-50.6	66	171	42282251	0.999998
-50.5	59	230	42282185	0.999996
-50.4	674	904	42282126	0.999995
-50.3	119	1023	42281452	0.999979
-50.2	314	1337	42281333	0.999976
-50.1	271	1608	42281019	0.999968
-50	351	1959	42280748	0.999962
-49.9	381	2340	42280397	0.999954
-49.8	376	2716	42280016	0.999945
-49.7	411	3127	42279640	0.999936
-49.6	397	3524	42279229	0.999926
-49.5	751	4275	42278832	0.999917
-49.4	602	4877	42278081	0.999899
-49.3	908	5785	42277479	0.999885
-49.2	851	6636	42276571	0.999863
-49.1	780	7416	42275720	0.999843
-49	919	8335	42274940	0.999825
-48.9	763	9098	42274021	0.999803
-48.8	757	9855	42273258	0.999785
-48.7	860	10715	42272501	0.999767
-48.6	1035	11750	42271641	0.999747
-48.5	1078	12828	42270606	0.999722
-48.4	1392	14220	42269528	0.999697
-48.3	1193	15413	42268136	0.999664
-48.2	1342	16755	42266943	0.999635
-48.1	1261	18016	42265601	0.999604
-48	1360	19376	42264340	0.999574
-47.9	1666	21042	42262980	0.999542
-47.8	1695	22737	42261314	0.999502
-47.7	1733	24470	42259619	0.999462
-47.6	1943	26413	42257886	0.999421
-47.5	1884	28297	42255943	0.999375
-47.4	2178	30475	42254059	0.999331
-47.3	2305	32780	42251881	0.999279
-47.2	2586	35366	42249576	0.999225
-47.1	2353	37719	42246990	0.999164
-47	2753	40472	42244637	0.999108
-46.9	2687	43159	42241884	0.999043
-46.8	3061	46220	42239197	0.998979
-46.7	2944	49164	42236136	0.998907
-46.6	3333	52497	42233192	0.998837
-46.5	3772	56269	42229859	0.998758
-46.4	3702	59971	42226087	0.998669
-46.3	4036	64007	42222385	0.998582
-46.2	4092	68099	42218349	0.998486
-46.1	4390	72489	42214257	0.998389
-46	4763	77252	42209867	0.998286
-45.9	4781	82033	42205104	0.998173
-45.8	5557	87590	42200323	0.99806
-45.7	5992	93582	42194766	0.997928
-45.6	6605	100187	42188774	0.997787
-45.5	6759	106946	42182169	0.997631
-45.4	6994	113940	42175410	0.997471
-45.3	7519	121459	42168416	0.997305
-45.2	7780	129239	42160897	0.997127
-45.1	8024	137263	42153117	0.996943
-45	7676	144939	42145093	0.996754
-44.9	8665	153604	42137417	0.996572
-44.8	8809	162413	42128752	0.996367
-44.7	8873	171286	42119943	0.996159
-44.6	9331	180617	42111070	0.995949
-44.5	9342	189959	42101739	0.995728
-44.4	10171	200130	42092397	0.995507
-44.3	9928	210058	42082226	0.995267
-44.2	10105	220163	42072298	0.995032
-44.1	10766	230929	42062193	0.994793
-44	10227	241156	42051427	0.994538
-43.9	10969	252125	42041200	0.994297
-43.8	11577	263702	42030231	0.994037
-43.7	11776	275478	42018654	0.993763
-43.6	11079	286557	42006878	0.993485
-43.5	12209	298766	41995799	0.993223
-43.4	13952	312718	41983590	0.992934
-43.3	13097	325815	41969638	0.992604
-43.2	13599	339414	41956541	0.992294
-43.1	14776	354190	41942942	0.991973
-43	14511	368701	41928166	0.991623
-42.9	15589	384290	41913655	0.99128
-42.8	15102	399392	41898066	0.990911
-42.7	15755	415147	41882964	0.990554
-42.6	15727	430874	41867209	0.990182
-42.5	16213	447087	41851482	0.98981
-42.4	17136	464223	41835269	0.989426
-42.3	17159	481382	41818133	0.989021
-42.2	16983	498365	41800974	0.988615
-42.1	18696	517061	41783991	0.988213
-42	18531	535592	41765295	0.987771
-41.9	19597	555189	41746764	0.987333
-41.8	20198	575387	41727167	0.986869
-41.7	20697	596084	41706969	0.986392
-41.6	19630	615714	41686272	0.985902
-41.5	21642	637356	41666642	0.985438
-41.4	21069	658425	41645000	0.984926
-41.3	21870	680295	41623931	0.984428
-41.2	23127	703422	41602061	0.983911
-41.1	23973	727395	41578934	0.983364
-41	24097	751492	41554961	0.982797
-40.9	26045	777537	41530864	0.982227
-40.8	27093	804630	41504819	0.981611
-40.7	27213	831843	41477726	0.98097
-40.6	26959	858802	41450513	0.980326
-40.5	27952	886754	41423554	0.979689
-40.4	28778	915532	41395602	0.979028
-40.3	29981	945513	41366824	0.978347
-40.2	29940	975453	41336843	0.977638
-40.1	31302	1006755	41306903	0.97693
-40	33589	1040344	41275601	0.97619
-39.9	32432	1072776	41242012	0.975395
-39.8	32589	1105365	41209580	0.974628
-39.7	32304	1137669	41176991	0.973858
-39.6	32870	1170539	41144687	0.973094
-39.5	36056	1206595	41111817	0.972316
-39.4	36656	1243251	41075761	0.971463
-39.3	38731	1281982	41039105	0.970596
-39.2	38517	1320499	41000374	0.96968
-39.1	41617	1362116	40961857	0.96877
-39	41499	1403615	40920240	0.967785
-38.9	43351	1446966	40878741	0.966804
-38.8	44500	1491466	40835390	0.965778
-38.7	47747	1539213	40790890	0.964726
-38.6	46576	1585789	40743143	0.963597
-38.5	49432	1635221	40696567	0.962495
-38.4	51011	1686232	40647135	0.961326
-38.3	54140	1740372	40596124	0.96012
-38.2	52906	1793278	40541984	0.958839
-38.1	57272	1850550	40489078	0.957588
-38	56580	1907130	40431806	0.956234
-37.9	58180	1965310	40375226	0.954895
-37.8	59077	2024387	40317046	0.953519
-37.7	61159	2085546	40257969	0.952122
-37.6	61397	2146943	40196810	0.950676
-37.5	62187	2209130	40135413	0.949224
-37.4	63946	2273076	40073226	0.947753
-37.3	63676	2336752	40009280	0.946241
-37.2	66028	2402780	39945604	0.944735
-37.1	68459	2471239	39879576	0.943173
-37	67945	2539184	39811117	0.941554
-36.9	69175	2608359	39743172	0.939947
-36.8	70996	2679355	39673997	0.938311
-36.7	71698	2751053	39603001	0.936632
-36.6	71335	2822388	39531303	0.934936
-36.5	72446	2894834	39459968	0.933249
-36.4	74205	2969039	39387522	0.931536
-36.3	74853	3043892	39313317	0.929781
-36.2	75974	3119866	39238464	0.92801
-36.1	78090	3197956	39162490	0.926214
-36	80773	3278729	39084400	0.924367
-35.9	79913	3358642	39003627	0.922456
-35.8	80926	3439568	38923714	0.920566
-35.7	81293	3520861	38842788	0.918652
-35.6	81186	3602047	38761495	0.91673
-35.5	82728	3684775	38680309	0.91481
-35.4	83743	3768518	38597581	0.912853
-35.3	84237	3852755	38513838	0.910873
-35.2	83840	3936595	38429601	0.90888
-35.1	86027	4022622	38345761	0.906897
-35	87138	4109760	38259734	0.904863
-34.9	87626	4197386	38172596	0.902802
-34.8	87870	4285256	38084970	0.90073
-34.7	90100	4375356	37997100	0.898651
-34.6	93150	4468506	37907000	0.896521
-34.5	90981	4559487	37813850	0.894317
-34.4	93147	4652634	37722869	0.892166
-34.3	93086	4745720	37629722	0.889963
-34.2	92808	4838528	37536636	0.887761
-34.1	94325	4932853	37443828	0.885566
-34	97650	5030503	37349503	0.883335
-33.9	99378	5129881	37251853	0.881026
-33.8	99579	5229460	37152475	0.878676
-33.7	102510	5331970	37052896	0.876321
-33.6	102729	5434699	36950386	0.873896
-33.5	102711	5537410	36847657	0.871467
-33.4	106822	5644232	36744946	0.869037
-33.3	104930	5749162	36638124	0.866511
-33.2	104048	5853210	36533194	0.864029
-33.1	104551	5957761	36429146	0.861568
-33	105254	6063015	36324595	0.859096
-32.9	104862	6167877	36219341	0.856607
-32.8	108370	6276247	36114479	0.854126
-32.7	107902	6384149	36006109	0.851563
-32.6	110109	6494258	35898207	0.849012
-32.5	111453	6605711	35788098	0.846407
-32.4	114178	6719889	35676645	0.843771
-32.3	116478	6836367	35562467	0.841071
-32.2	117615	6953982	35445989	0.838316
-32.1	121603	7075585	35328374	0.835535
-32	124949	7200534	35206771	0.832659
-31.9	124061	7324595	35081822	0.829704
-31.8	129499	7454094	34957761	0.826769
-31.7	130944	7585038	34828262	0.823707
-31.6	134219	7719257	34697318	0.82061
-31.5	138808	7858065	34563099	0.817436
-31.4	140741	7998806	34424291	0.814153
-31.3	198074	8196880	34283550	0.810824
-31.2	147236	8344116	34085476	0.806139
-31.1	154699	8498815	33938240	0.802657
-31	153094	8651909	33783541	0.798999
-30.9	150641	8802550	33630447	0.795378
-30.8	158888	8961438	33479806	0.791815
-30.7	157473	9118911	33320918	0.788057
-30.6	156819	9275730	33163445	0.784333
-30.5	159367	9435097	33006626	0.780624
-30.4	162002	9597099	32847259	0.776855
-30.3	159646	9756745	32685257	0.773024
-30.2	167503	9924248	32525611	0.769248
-30.1	166158	10090406	32358108	0.765286
-30	169047	10259453	32191950	0.761357
-29.9	169216	10428669	32022903	0.757359
-29.8	168562	10597231	31853687	0.753356
-29.7	171111	10768342	31685125	0.74937
-29.6	171429	10939771	31514014	0.745323
-29.5	169343	11109114	31342585	0.741269
-29.4	174017	11283131	31173242	0.737264
-29.3	172390	11455521	30999225	0.733148
-29.2	175245	11630766	30826835	0.729071
-29.1	175770	11806536	30651590	0.724926
-29	177374	11983910	30475820	0.720769
-28.9	178768	12162678	30298446	0.716574
-28.8	176516	12339194	30119678	0.712346
-28.7	179589	12518783	29943162	0.708172
-28.6	177432	12696215	29763573	0.703924
-28.5	177684	12873899	29586141	0.699728
-28.4	176702	13050601	29408457	0.695526
-28.3	172114	13222715	29231755	0.691346
-28.2	173289	13396004	29059641	0.687276
-28.1	169358	13565362	28886352	0.683177
-28	170400	13735762	28716994	0.679172
-27.9	170194	13905956	28546594	0.675142
-27.8	166204	14072160	28376400	0.671117
-27.7	164805	14236965	28210196	0.667186
-27.6	166330	14403295	28045391	0.663288
-27.5	166549	14569844	27879061	0.659354
-27.4	167843	14737687	27712512	0.655416
-27.3	164561	14902248	27544669	0.651446
-27.2	169459	15071707	27380108	0.647554
-27.1	166114	15237821	27210649	0.643546
-27	166134	15403955	27044535	0.639618
-26.9	167693	15571648	26878401	0.635688
-26.8	169668	15741316	26710708	0.631722
-26.7	167500	15908816	26541040	0.62771
-26.6	167884	16076700	26373540	0.623748
-26.5	166462	16243162	26205656	0.619778
-26.4	170058	16413220	26039194	0.615841
-26.3	167869	16581089	25869136	0.611819
-26.2	170558	16751647	25701267	0.607849
-26.1	170693	16922340	25530709	0.603815
-26	166453	17088793	25360016	0.599778
-25.9	166277	17255070	25193563	0.595841
-25.8	167090	17422160	25027286	0.591909
-25.7	164258	17586418	24860196	0.587957
-25.6	170395	17756813	24695938	0.584072
-25.5	166761	17923574	24525543	0.580042
-25.4	167289	18090863	24358782	0.576098
-25.3	168385	18259248	24191493	0.572142
-25.2	171069	18430317	24023108	0.568159
-25.1	174300	18604617	23852039	0.564113
-25	174828	18779445	23677739	0.559991
-24.9	178208	18957653	23502911	0.555856
-24.8	178925	19136578	23324703	0.551642
-24.7	182461	19319039	23145778	0.54741
-24.6	184825	19503864	22963317	0.543095
-24.5	186088	19689952	22778492	0.538723
-24.4	189217	19879169	22592404	0.534322
-24.3	191034	20070203	22403187	0.529847
-24.2	196152	20266355	22212153	0.525329
-24.1	194938	20461293	22016001	0.52069
-24	199761	20661054	21821063	0.51608
-23.9	198817	20859871	21621302	0.511355
-23.8	204753	21064624	21422485	0.506653
-23.7	205407	21270031	21217732	0.501811
-23.6	202853	21472884	21012325	0.496953
-23.5	203812	21676696	20809472	0.492155
-23.4	201880	21878576	20605660	0.487335
-23.3	205158	22083734	20403780	0.48256
-23.2	205443	22289177	20198622	0.477708
-23.1	203772	22492949	19993179	0.472849
-23	206280	22699229	19789407	0.46803
-22.9	206991	22906220	19583127	0.463151
-22.8	203184	23109404	19376136	0.458256
-22.7	203838	23313242	19172952	0.45345
-22.6	203011	23516253	18969114	0.44863
-22.5	200157	23716410	18766103	0.443828
-22.4	205584	23921994	18565946	0.439094
-22.3	201333	24123327	18360362	0.434232
-22.2	202361	24325688	18159029	0.429471
-22.1	199775	24525463	17956668	0.424685
-22	200362	24725825	17756893	0.41996
-21.9	200405	24926230	17556531	0.415221
-21.8	200404	25126634	17356126	0.410482
-21.7	198213	25324847	17155722	0.405742
-21.6	193630	25518477	16957509	0.401054
-21.5	191737	25710214	16763879	0.396475
-21.4	187997	25898211	16572142	0.39194
-21.3	189117	26087328	16384145	0.387494
-21.2	182468	26269796	16195028	0.383021
-21.1	180080	26449876	16012560	0.378705
-21	176312	26626188	15832480	0.374446
-20.9	174132	26800320	15656168	0.370277
-20.8	171768	26972088	15482036	0.366158
-20.7	167512	27139600	15310268	0.362096
-20.6	165909	27305509	15142756	0.358134
-20.5	164264	27469773	14976847	0.35421
-20.4	159840	27629613	14812583	0.350325
-20.3	160496	27790109	14652743	0.346545
-20.2	157494	27947603	14492247	0.342749
-20.1	159022	28106625	14334753	0.339024
-20	156676	28263301	14175731	0.335264
-19.9	155035	28418336	14019055	0.331558
-19.8	153124	28571460	13864020	0.327891
-19.7	153911	28725371	13710896	0.32427
-19.6	149933	28875304	13556985	0.32063
-19.5	148016	29023320	13407052	0.317084
-19.4	145762	29169082	13259036	0.313583
-19.3	144907	29313989	13113274	0.310136
-19.2	144676	29458665	12968367	0.306709
-19.1	142052	29600717	12823691	0.303287
-19	145243	29745960	12681639	0.299927
-18.9	139985	29885945	12536396	0.296492
-18.8	142209	30028154	12396411	0.293182
-18.7	136711	30164865	12254202	0.289818
-18.6	137378	30302243	12117491	0.286585
-18.5	135081	30437324	11980113	0.283336
-18.4	132107	30569431	11845032	0.280141
-18.3	134601	30704032	11712925	0.277017
-18.2	134080	30838112	11578324	0.273833
-18.1	132668	30970780	11444244	0.270662
-18	134285	31105065	11311576	0.267525
-17.9	135600	31240665	11177291	0.264349
-17.8	135380	31376045	11041691	0.261142
-17.7	137314	31513359	10906311	0.25794
-17.6	136897	31650256	10768997	0.254692
-17.5	139241	31789497	10632100	0.251455
-17.4	140780	31930277	10492859	0.248162
-17.3	139043	32069320	10352079	0.244832
-17.2	138466	32207786	10213036	0.241544
-17.1	141446	32349232	10074570	0.238269
-17	142684	32491916	9933124	0.234924
-16.9	144727	32636643	9790440	0.231549
-16.8	148343	32784986	9645713	0.228126
-16.7	145090	32930076	9497370	0.224618
-16.6	145171	33075247	9352280	0.221186
-16.5	146131	33221378	9207109	0.217753
-16.4	144366	33365744	9060978	0.214297
-16.3	140481	33506225	8916612	0.210883
-16.2	138091	33644316	8776131	0.20756
-16.1	141792	33786108	8638040	0.204294
-16	139113	33925221	8496248	0.200941
-15.9	139947	34065168	8357135	0.197651
-15.8	136839	34202007	8217188	0.194341
-15.7	138590	34340597	8080349	0.191105
-15.6	135670	34476267	7941759	0.187827
-15.5	135298	34611565	7806089	0.184618
-15.4	135014	34746579	7670791	0.181418
-15.3	136170	34882749	7535777	0.178225
-15.2	132991	35015740	7399607	0.175005
-15.1	130035	35145775	7266616	0.171859
-15	132379	35278154	7136581	0.168784
-14.9	127007	35405161	7004202	0.165653
-14.8	128352	35533513	6877195	0.162649
-14.7	125427	35658940	6748843	0.159614
-14.6	124693	35783633	6623416	0.156647
-14.5	124206	35907839	6498723	0.153698
-14.4	116411	36024250	6374517	0.150761
-14.3	115559	36139809	6258106	0.148008
-14.2	110194	36250003	6142547	0.145274
-14.1	108267	36358270	6032353	0.142668
-14	105627	36463897	5924086	0.140108
-13.9	104241	36568138	5818459	0.13761
-13.8	98629	36666767	5714218	0.135144
-13.7	99444	36766211	5615589	0.132812
-13.6	97288	36863499	5516145	0.13046
-13.5	91459	36954958	5418857	0.128159
-13.4	88966	37043924	5327398	0.125996
-13.3	88885	37132809	5238432	0.123892
-13.2	86797	37219606	5149547	0.12179
-13.1	86991	37306597	5062750	0.119737
-13	86716	37393313	4975759	0.117679
-12.9	83713	37477026	4889043	0.115628
-12.8	79558	37556584	4805330	0.113649
-12.7	77480	37634064	4725772	0.111767
-12.6	76710	37710774	4648292	0.109935
-12.5	75916	37786690	4571582	0.10812
-12.4	74301	37860991	4495666	0.106325
-12.3	71322	37932313	4421365	0.104568
-12.2	70274	38002587	4350043	0.102881
-12.1	70848	38073435	4279769	0.101219
-12	68242	38141677	4208921	0.0995432
-11.9	67544	38209221	4140679	0.0979292
-11.8	65254	38274475	4073135	0.0963318
-11.7	63996	38338471	4007881	0.0947885
-11.6	64239	38402710	3943885	0.093275
-11.5	65176	38467886	3879646	0.0917557
-11.4	61139	38529025	3814470	0.0902142
-11.3	58904	38587929	3753331	0.0887683
-11.2	59554	38647483	3694427	0.0873751
-11.1	57538	38705021	3634873	0.0859667
-11	56541	38761562	3577335	0.0846059
-10.9	59012	38820574	3520794	0.0832686
-10.8	57093	38877667	3461782	0.081873
-10.7	57633	38935300	3404689	0.0805227
-10.6	57374	38992674	3347056	0.0791596
-10.5	59371	39052045	3289682	0.0778027
-10.4	58741	39110786	3230311	0.0763986
-10.3	58545	39169331	3171570	0.0750093
-10.2	58505	39227836	3113025	0.0736247
-10.1	56467	39284303	3054520	0.072241
-10	59287	39343590	2998053	0.0709055
-9.9	56669	39400259	2938766	0.0695034
-9.8	58838	39459097	2882097	0.0681631
-9.7	59158	39518255	2823259	0.0667716
-9.6	58757	39577012	2764101	0.0653724
-9.5	58885	39635897	2705344	0.0639828
-9.4	58209	39694106	2646459	0.0625901
-9.3	57510	39751616	2588250	0.0612135
-9.2	57917	39809533	2530740	0.0598533
-9.1	57861	39867394	2472823	0.0584836
-9	54215	39921609	2414962	0.0571151
-8.9	53615	39975224	2360747	0.0558329
-8.8	54664	40029888	2307132	0.0545649
-8.7	54910	40084798	2252468	0.0532721
-8.6	52652	40137450	2197558	0.0519734
-8.5	52174	40189624	2144906	0.0507282
-8.4	50373	40239997	2092732	0.0494942
-8.3	49910	40289907	2042359	0.0483029
-8.2	104276	40394183	1992449	0.0471225
-8.1	51301	40445484	1888173	0.0446563
-8	51268	40496752	1836872	0.043443
-7.9	49045	40545797	1785604	0.0422305
-7.8	47041	40592838	1736559	0.0410705
-7.7	45520	40638358	1689518	0.039958
-7.6	45714	40684072	1643998	0.0388814
-7.5	46487	40730559	1598284	0.0378003
-7.4	42721	40773280	1551797	0.0367008
-7.3	43265	40816545	1509076	0.0356904
-7.2	39316	40855861	1465811	0.0346672
-7.1	38339	40894200	1426495	0.0337374
-7	39184	40933384	1388156	0.0328306
-6.9	38315	40971699	1348972	0.0319039
-6.8	37997	41009696	1310657	0.0309977
-6.7	35035	41044731	1272660	0.0300991
-6.6	32742	41077473	1237625	0.0292705
-6.5	31799	41109272	1204883	0.0284961
-6.4	29559	41138831	1173084	0.0277441
-6.3	29701	41168532	1143525	0.027045
-6.2	27983	41196515	1113824	0.0263425
-6.1	29144	41225659	1085841	0.0256807
-6	27618	41253277	1056697	0.0249914
-5.9	25976	41279253	1029079	0.0243383
-5.8	24388	41303641	1003103	0.0237239
-5.7	24164	41327805	978715	0.0231471
-5.6	23698	41351503	954551	0.0225756
-5.5	24230	41375733	930853	0.0220152
-5.4	22715	41398448	906623	0.0214421
-5.3	20807	41419255	883908	0.0209049
-5.2	21294	41440549	863101	0.0204128
-5.1	19947	41460496	841807	0.0199092
-5	19196	41479692	821860	0.0194374
-4.9	18083	41497775	802664	0.0189834
-4.8	17961	41515736	784581	0.0185558
-4.7	17775	41533511	766620	0.018131
-4.6	15878	41549389	748845	0.0177106
-4.5	16443	41565832	732967	0.0173351
-4.4	15818	41581650	716524	0.0169462
-4.3	15756	41597406	700706	0.0165721
-4.2	15131	41612537	684950	0.0161994
-4.1	14381	41626918	669819	0.0158416
-4	14635	41641553	655438	0.0155015
-3.9	13291	41654844	640803	0.0151553
-3.8	13109	41667953	627512	0.014841
-3.7	13425	41681378	614403	0.014531
-3.6	13766	41695144	600978	0.0142134
-3.5	12799	41707943	587212	0.0138879
-3.4	12579	41720522	574413	0.0135852
-3.3	14099	41734621	561834	0.0132877
-3.2	12943	41747564	547735	0.0129542
-3.1	12930	41760494	534792	0.0126481
-3	13291	41773785	521862	0.0123423
-2.9	12962	41786747	508571	0.012028
-2.8	12678	41799425	495609	0.0117214
-2.7	13456	41812881	482931	0.0114216
-2.6	13260	41826141	469475	0.0111033
-2.5	12167	41838308	456215	0.0107897
-2.4	12086	41850394	444048	0.010502
-2.3	12211	41862605	431962	0.0102161
-2.2	13136	41875741	419751	0.00992733
-2.1	12678	41888419	406615	0.00961666
-2	11590	41900009	393937	0.00931682
-1.9	12413	41912422	382347	0.00904271
-1.8	11801	41924223	369934	0.00874913
-1.7	11011	41935234	358133	0.00847003
-1.6	10828	41946062	347122	0.00820962
-1.5	11211	41957273	336294	0.00795353
-1.4	11437	41968710	325083	0.00768838
-1.3	10687	41979397	313646	0.00741789
-1.2	10053	41989450	302959	0.00716514
-1.1	11917	42001367	292906	0.00692738
-1	9621	42010988	280989	0.00664554
-0.9	10145	42021133	271368	0.006418
-0.8	10260	42031393	261223	0.00617806
-0.7	9118	42040511	250963	0.00593541
-0.6	8859	42049370	241845	0.00571976
-0.5	9324	42058694	232986	0.00551024
-0.4	9715	42068409	223662	0.00528972
-0.3	8453	42076862	213947	0.00505996
-0.2	9073	42085935	205494	0.00486004
-0.1	8135	42094070	196421	0.00464546
0	7458	42101528	188286	0.00445306
0.1	7480	42109008	180828	0.00427668
0.2	6954	42115962	173348	0.00409977
0.3	7701	42123663	166394	0.00393531
0.4	6687	42130350	158693	0.00375317
0.5	5539	42135889	152006	0.00359502
0.6	5798	42141687	146467	0.00346402
0.7	5856	42147543	140669	0.0033269
0.8	5845	42153388	134813	0.0031884
0.9	5370	42158758	128968	0.00305016
1	4967	42163725	123598	0.00292316
1.1	4339	42168064	118631	0.00280569
1.2	3946	42172010	114292	0.00270307
1.3	4332	42176342	110346	0.00260974
1.4	4126	42180468	106014	0.00250729
1.5	4028	42184496	101888	0.0024097
1.6	3457	42187953	97860	0.00231444
1.7	3973	42191926	94403	0.00223268
1.8	3292	42195218	90430	0.00213872
1.9	2995	42198213	87138	0.00206086
2	2724	42200937	84143	0.00199003
2.1	3116	42204053	81419	0.0019256
2.2	2929	42206982	78303	0.00185191
2.3	2610	42209592	75374	0.00178263
2.4	2292	42211884	72764	0.00172091
2.5	2324	42214208	70472	0.0016667
2.6	1974	42216182	68148	0.00161174
2.7	1885	42218067	66174	0.00156505
2.8	1826	42219893	64289	0.00152047
2.9	4361	42224254	62463	0.00147728
3	1737	42225991	58102	0.00137414
3.1	1790	42227781	56365	0.00133306
3.2	1571	42229352	54575	0.00129073
3.3	1400	42230752	53004	0.00125357
3.4	1607	42232359	51604	0.00122046
3.5	1550	42233909	49997	0.00118246
3.6	1273	42235182	48447	0.0011458
3.7	1091	42236273	47174	0.00111569
3.8	1426	42237699	46083	0.00108989
3.9	1198	42238897	44657	0.00105616
4	1353	42240250	43459	0.00102783
4.1	1162	42241412	42106	0.000995829
4.2	1263	42242675	40944	0.000968347
4.3	1326	42244001	39681	0.000938477
4.4	1482	42245483	38355	0.000907116
4.5	1256	42246739	36873	0.000872066
4.6	1099	42247838	35617	0.000842361
4.7	1206	42249044	34518	0.000816369
4.8	1108	42250152	33312	0.000787846
4.9	2043	42252195	32204	0.000761642
5	1248	42253443	30161	0.000713324
5.1	1002	42254445	28913	0.000683808
5.2	1054	42255499	27911	0.00066011
5.3	938	42256437	26857	0.000635182
5.4	1218	42257655	25919	0.000612998
5.5	1076	42258731	24701	0.000584192
5.6	992	42259723	23625	0.000558744
5.7	840	42260563	22633	0.000535282
5.8	922	42261485	21793	0.000515416
5.9	935	42262420	20871	0.00049361
6	862	42263282	19936	0.000471497
6.1	948	42264230	19074	0.00045111
6.2	868	42265098	18126	0.000428689
6.3	958	42266056	17258	0.000408161
6.4	729	42266785	16300	0.000385504
6.5	1005	42267790	15571	0.000368262
6.6	1223	42269013	14566	0.000344494
6.7	727	42269740	13343	0.000315569
6.8	976	42270716	12616	0.000298375
6.9	719	42271435	11640	0.000275292
7	675	42272110	10921	0.000258287
7.1	757	42272867	10246	0.000242323
7.2	578	42273445	9489	0.00022442
7.3	753	42274198	8911	0.00021075
7.4	687	42274885	8158	0.000192941
7.5	633	42275518	7471	0.000176693
7.6	501	42276019	6838	0.000161722
7.7	433	42276452	6337	0.000149873
7.8	435	42276887	5904	0.000139633
7.9	349	42277236	5469	0.000129345
8	383	42277619	5120	0.000121091
8.1	446	42278065	4737	0.000112033
8.2	421	42278486	4291	0.000101484
8.3	392	42278878	3870	9.15275e-05
8.4	430	42279308	3478	8.22565e-05
8.5	268	42279576	3048	7.20868e-05
8.6	251	42279827	2780	6.57485e-05
8.7	311	42280138	2529	5.98122e-05
8.8	124	42280262	2218	5.24569e-05
8.9	222	42280484	2094	4.95242e-05
9	248	42280732	1872	4.42738e-05
9.1	258	42280990	1624	3.84085e-05
9.2	224	42281214	1366	3.23066e-05
9.3	293	42281507	1142	2.70089e-05
9.4	180	42281687	849	2.00793e-05
9.5	42	42281729	669	1.58222e-05
9.6	91	42281820	627	1.48289e-05
9.7	62	42281882	536	1.26767e-05
9.8	21	42281903	474	1.12103e-05
9.9	83	42281986	453	1.07137e-05
10	73	42282059	370	8.75069e-06
10.1	48	42282107	297	7.02421e-06
10.2	71	42282178	249	5.88898e-06
10.3	46	42282224	178	4.20979e-06
10.4	19	42282243	132	3.12187e-06
10.5	52	42282295	113	2.67251e-06
10.6	10	42282305	61	1.44268e-06
10.7	11	42282316	51	1.20618e-06
10.8	4	42282320	40	9.46021e-07
10.9	5	42282325	36	8.51419e-07
11	1	42282326	31	7.33166e-07
11.1	11	42282337	30	7.09516e-07
11.2	14	42282351	19	4.4936e-07
11.3	0	42282351	5	1.18253e-07
11.4	3	42282354	5	1.18253e-07
11.5	0	42282354	2	4.73011e-08
11.6	0	42282354	2	4.73011e-08
11.7	0	42282354	2	4.73011e-08
11.8	0	42282354	2	4.73011e-08
11.9	0	42282354	2	4.73011e-08
12	0	42282354	2	4.73011e-08
12.1	2	42282356	2	4.73011e-08
