; matrix-scan  -v 1 -quick -seq_format fasta -i $RSAT/public_html/tmp/apache/2014/09/05/peak-motifs.2014-09-05.194903_2014-09-05.194903_oebJl9/data/sequences/peak-motifs_test_maxlen1000.fasta -matrix_format transfac -m $RSAT/public_html/tmp/apache/2014/09/05/peak-motifs.2014-09-05.194903_2014-09-05.194903_oebJl9/results/discovered_motifs/positions_8nt_m1/peak-motifs_positions_8nt_m1.tf -pseudo 1 -2str -decimals 1 -bg_pseudo 0.01 -n score -lth score -5 -bginput -markov 1 -return distrib -return occ_proba -o $RSAT/public_html/tmp/apache/2014/09/05/peak-motifs.2014-09-05.194903_2014-09-05.194903_oebJl9/results/discovered_motifs/positions_8nt_m1/peak-motifs_positions_8nt_m1_scan_mkv1_enrichment.tab
; Quick counting mode          
; Input files
;	input	/vh/rsat/rsat/public_html/tmp/apache/2014/09/05/peak-motifs.2014-09-05.194903_2014-09-05.194903_oebJl9/data/sequences/peak-motifs_test_maxlen1000.fasta
; Matrix files
;	matrix 1	/vh/rsat/rsat/public_html/tmp/apache/2014/09/05/peak-motifs.2014-09-05.194903_2014-09-05.194903_oebJl9/results/discovered_motifs/positions_8nt_m1/peak-motifs_positions_8nt_m1.tf
; Sequence format      	fasta
; Output files
;	output	/vh/rsat/rsat/public_html/tmp/apache/2014/09/05/peak-motifs.2014-09-05.194903_2014-09-05.194903_oebJl9/results/discovered_motifs/positions_8nt_m1/peak-motifs_positions_8nt_m1_scan_mkv1_enrichment.tab
; Pseudo counts        	1
; Background model
;	Method        	input
;	Markov order  	1
;	Strand        	undef
;	Background pseudo-frequency	0.01
;	Residue probabilities
;		a	0.26223
;		c	0.24007
;		g	0.23539
;		t	0.26231
; Thresholds	lower	upper
;	score 	-5   	NA
;
; Matrices
;	matrix	name            	ncol	nrow	pseudo	Wmin	Wmax	Wrange
;	1	positions_8nt_m1	13	4	1	-29.500	12.800	42.300	a:0.262 c:0.240 g:0.235 t:0.262 
;
; Score distribution
#matrix	score	occ	occ_cum	inv_cum	inv_cum_freq	occ_prior	exp_occ	occ_Pval	occ_Eval	occ_sig	occ_sig_rank
positions_8nt_m1	-5.0	448	200732	14498	6.736081e-02	6.717555e-02	14458.13	3.668754e-01	5.576506e+01	-1.75	1
positions_8nt_m1	-4.9	465	201197	14033	6.520032e-02	6.469228e-02	13923.66	1.700662e-01	2.585006e+01	-1.41	2
positions_8nt_m1	-4.8	481	201678	13552	6.296549e-02	6.271281e-02	13497.62	3.155892e-01	4.796956e+01	-1.68	3
positions_8nt_m1	-4.7	431	202109	13121	6.096297e-02	6.036387e-02	12992.06	1.226091e-01	1.863658e+01	-1.27	4
positions_8nt_m1	-4.6	427	202536	12694	5.897904e-02	5.829683e-02	12547.17	8.929417e-02	1.357271e+01	-1.13	5
positions_8nt_m1	-4.5	431	202967	12263	5.697652e-02	5.646582e-02	12153.08	1.534491e-01	2.332426e+01	-1.37	6
positions_8nt_m1	-4.4	402	203369	11861	5.510874e-02	5.429582e-02	11686.03	4.874711e-02	7.409561e+00	-0.87	7
positions_8nt_m1	-4.3	366	203735	11495	5.340823e-02	5.256901e-02	11314.38	4.120805e-02	6.263624e+00	-0.80	8
positions_8nt_m1	-4.2	391	204126	11104	5.159156e-02	5.070109e-02	10912.34	3.043412e-02	4.625986e+00	-0.67	9
positions_8nt_m1	-4.1	393	204519	10711	4.976560e-02	4.870465e-02	10482.65	1.144179e-02	1.739153e+00	-0.24	10
positions_8nt_m1	-4.0	403	204922	10308	4.789317e-02	4.712586e-02	10142.85	4.725840e-02	7.183276e+00	-0.86	11
positions_8nt_m1	-3.9	344	205266	9964	4.629488e-02	4.524821e-02	9738.73	1.005895e-02	1.528961e+00	-0.18	12
positions_8nt_m1	-3.8	321	205587	9643	4.480344e-02	4.358970e-02	9381.77	3.052534e-03	4.639852e-01	0.33	13
positions_8nt_m1	-3.7	333	205920	9310	4.325625e-02	4.196916e-02	9032.98	1.539173e-03	2.339543e-01	0.63	14
positions_8nt_m1	-3.6	330	206250	8980	4.172300e-02	4.056121e-02	8729.95	3.302533e-03	5.019850e-01	0.30	15
positions_8nt_m1	-3.5	336	206586	8644	4.016187e-02	3.904291e-02	8403.17	3.859575e-03	5.866553e-01	0.23	16
positions_8nt_m1	-3.4	331	206917	8313	3.862398e-02	3.742748e-02	8055.48	1.831382e-03	2.783700e-01	0.56	17
positions_8nt_m1	-3.3	288	207205	8025	3.728587e-02	3.600163e-02	7748.60	7.462159e-04	1.134248e-01	0.95	18
positions_8nt_m1	-3.2	284	207489	7741	3.596634e-02	3.477844e-02	7485.33	1.405859e-03	2.136906e-01	0.67	19
positions_8nt_m1	-3.1	254	207743	7487	3.478620e-02	3.345210e-02	7199.86	3.174504e-04	4.825245e-02	1.32	20
positions_8nt_m1	-3.0	254	207997	7233	3.360607e-02	3.216677e-02	6923.22	8.719810e-05	1.325411e-02	1.88	21
positions_8nt_m1	-2.9	249	208246	6984	3.244916e-02	3.079965e-02	6628.98	5.731318e-06	8.711603e-04	3.06	22
positions_8nt_m1	-2.8	274	208520	6710	3.117610e-02	2.960078e-02	6370.95	9.705518e-06	1.475239e-03	2.83	23
positions_8nt_m1	-2.7	244	208764	6466	3.004242e-02	2.843415e-02	6119.85	4.403824e-06	6.693812e-04	3.17	24
positions_8nt_m1	-2.6	255	209019	6211	2.885764e-02	2.741722e-02	5900.98	2.520200e-05	3.830704e-03	2.42	25
positions_8nt_m1	-2.5	220	209239	5991	2.783547e-02	2.633195e-02	5667.40	8.076363e-06	1.227607e-03	2.91	26
positions_8nt_m1	-2.4	220	209459	5771	2.681330e-02	2.517396e-02	5418.17	7.920396e-07	1.203900e-04	3.92	27
positions_8nt_m1	-2.3	224	209683	5547	2.577255e-02	2.415292e-02	5198.41	6.567175e-07	9.982106e-05	4.00	28
positions_8nt_m1	-2.2	208	209891	5339	2.480614e-02	2.326876e-02	5008.11	1.457025e-06	2.214678e-04	3.65	29
positions_8nt_m1	-2.1	201	210092	5138	2.387225e-02	2.231919e-02	4803.74	7.215469e-07	1.096751e-04	3.96	30
positions_8nt_m1	-2.0	212	210304	4926	2.288725e-02	2.139471e-02	4604.76	1.136104e-06	1.726878e-04	3.76	31
positions_8nt_m1	-1.9	162	210466	4764	2.213456e-02	2.050008e-02	4412.21	6.502637e-08	9.884008e-06	5.01	32
positions_8nt_m1	-1.8	183	210649	4581	2.128431e-02	1.955481e-02	4208.76	5.687301e-09	8.644697e-07	6.06	33
positions_8nt_m1	-1.7	160	210809	4421	2.054091e-02	1.873028e-02	4031.30	5.414228e-10	8.229627e-08	7.08	34
positions_8nt_m1	-1.6	183	210992	4238	1.969066e-02	1.801336e-02	3877.00	4.216164e-09	6.408570e-07	6.19	35
positions_8nt_m1	-1.5	170	211162	4068	1.890080e-02	1.717872e-02	3697.36	7.415575e-10	1.127167e-07	6.95	36
positions_8nt_m1	-1.4	183	211345	3885	1.805054e-02	1.652007e-02	3555.60	2.085698e-08	3.170261e-06	5.50	37
positions_8nt_m1	-1.3	157	211502	3728	1.732109e-02	1.573992e-02	3387.69	3.423871e-09	5.204284e-07	6.28	38
positions_8nt_m1	-1.2	156	211658	3572	1.659628e-02	1.512543e-02	3255.43	1.907093e-08	2.898782e-06	5.54	39
positions_8nt_m1	-1.1	148	211806	3424	1.590864e-02	1.446790e-02	3113.91	1.859091e-08	2.825818e-06	5.55	40
positions_8nt_m1	-1.0	159	211965	3265	1.516989e-02	1.376560e-02	2962.76	1.948981e-08	2.962451e-06	5.53	41
positions_8nt_m1	-0.9	147	212112	3118	1.448690e-02	1.321328e-02	2843.88	1.794739e-07	2.728004e-05	4.56	42
positions_8nt_m1	-0.8	112	212224	3006	1.396652e-02	1.262790e-02	2717.89	2.348101e-08	3.569113e-06	5.45	43
positions_8nt_m1	-0.7	117	212341	2889	1.342291e-02	1.200580e-02	2584.00	1.627304e-09	2.473503e-07	6.61	44
positions_8nt_m1	-0.6	111	212452	2778	1.290718e-02	1.146309e-02	2467.19	3.571533e-10	5.428730e-08	7.27	45
positions_8nt_m1	-0.5	117	212569	2661	1.236358e-02	1.094278e-02	2355.20	2.814145e-10	4.277500e-08	7.37	46
positions_8nt_m1	-0.4	111	212680	2550	1.184785e-02	1.043829e-02	2246.62	1.570155e-10	2.386636e-08	7.62	47
positions_8nt_m1	-0.3	104	212784	2446	1.136464e-02	9.996692e-03	2151.58	2.244230e-10	3.411230e-08	7.47	48
positions_8nt_m1	-0.2	105	212889	2341	1.087679e-02	9.526658e-03	2050.41	1.502659e-10	2.284041e-08	7.64	49
positions_8nt_m1	-0.1	76	212965	2265	1.052367e-02	9.081779e-03	1954.66	3.194943e-12	4.856313e-10	9.31	50
positions_8nt_m1	0.0	107	213072	2158	1.002653e-02	8.604785e-03	1852.00	1.809233e-12	2.750034e-10	9.56	51
positions_8nt_m1	0.1	94	213166	2064	9.589786e-03	8.231183e-03	1771.59	5.599350e-12	8.511012e-10	9.07	52
positions_8nt_m1	0.2	74	213240	1990	9.245966e-03	7.799676e-03	1678.72	6.700290e-14	1.018444e-11	10.99	53
positions_8nt_m1	0.3	94	213334	1896	8.809222e-03	7.423488e-03	1597.75	1.843499e-13	2.802118e-11	10.55	54
positions_8nt_m1	0.4	58	213392	1838	8.539741e-03	7.060849e-03	1519.70	1.147100e-15	1.743592e-13	12.76	55
positions_8nt_m1	0.5	79	213471	1759	8.172690e-03	6.748734e-03	1452.52	3.070248e-15	4.666777e-13	12.33	56
positions_8nt_m1	0.6	87	213558	1672	7.768470e-03	6.416891e-03	1381.10	1.572799e-14	2.390654e-12	11.62	57
positions_8nt_m1	0.7	63	213621	1609	7.475758e-03	6.098306e-03	1312.53	1.203083e-15	1.828685e-13	12.74	58
positions_8nt_m1	0.8	86	213707	1523	7.076184e-03	5.790768e-03	1246.34	1.657245e-14	2.519012e-12	11.60	59
positions_8nt_m1	0.9	68	213775	1455	6.760241e-03	5.467704e-03	1176.81	2.401685e-15	3.650562e-13	12.44	60
positions_8nt_m1	1.0	62	213837	1393	6.472176e-03	5.190577e-03	1117.16	8.809560e-16	1.339053e-13	12.87	61
positions_8nt_m1	1.1	53	213890	1340	6.225927e-03	4.954115e-03	1066.27	3.510286e-16	5.335634e-14	13.27	62
positions_8nt_m1	1.2	71	213961	1269	5.896046e-03	4.672632e-03	1005.69	6.963646e-16	1.058474e-13	12.98	63
positions_8nt_m1	1.3	61	214022	1208	5.612627e-03	4.426790e-03	952.77	9.734007e-16	1.479569e-13	12.83	64
positions_8nt_m1	1.4	46	214068	1162	5.398901e-03	4.215317e-03	907.26	2.522855e-16	3.834739e-14	13.42	65
positions_8nt_m1	1.5	43	214111	1119	5.199114e-03	3.972655e-03	855.03	3.269334e-18	4.969387e-16	15.30	66
positions_8nt_m1	1.6	66	214177	1053	4.892463e-03	3.782364e-03	814.07	5.568916e-16	8.464752e-14	13.07	67
positions_8nt_m1	1.7	45	214222	1008	4.683384e-03	3.564068e-03	767.09	5.233503e-17	7.954925e-15	14.10	68
positions_8nt_m1	1.8	44	214266	964	4.478950e-03	3.393779e-03	730.44	8.753737e-17	1.330568e-14	13.88	69
positions_8nt_m1	1.9	55	214321	909	4.223409e-03	3.213151e-03	691.56	1.558136e-15	2.368366e-13	12.63	70
positions_8nt_m1	2.0	41	214362	868	4.032914e-03	3.026536e-03	651.40	3.415194e-16	5.191095e-14	13.28	71
positions_8nt_m1	2.1	34	214396	834	3.874943e-03	2.866490e-03	616.95	5.638994e-17	8.571271e-15	14.07	72
positions_8nt_m1	2.2	30	214426	804	3.735556e-03	2.710123e-03	583.30	2.848326e-18	4.329456e-16	15.36	73
positions_8nt_m1	2.3	38	214464	766	3.559000e-03	2.562217e-03	551.46	3.267210e-18	4.966160e-16	15.30	74
positions_8nt_m1	2.4	26	214490	740	3.438198e-03	2.437143e-03	524.54	4.251689e-19	6.462567e-17	16.19	75
positions_8nt_m1	2.5	30	214520	710	3.298812e-03	2.303881e-03	495.86	9.043069e-20	1.374546e-17	16.86	76
positions_8nt_m1	2.6	36	214556	674	3.131548e-03	2.164541e-03	465.87	8.551231e-20	1.299787e-17	16.89	77
positions_8nt_m1	2.7	27	214583	647	3.006100e-03	2.044201e-03	439.97	1.564192e-20	2.377571e-18	17.62	78
positions_8nt_m1	2.8	25	214608	622	2.889945e-03	1.940892e-03	417.74	6.532481e-21	9.929371e-19	18.00	79
positions_8nt_m1	2.9	39	214647	583	2.708743e-03	1.828079e-03	393.46	2.644786e-19	4.020075e-17	16.40	80
positions_8nt_m1	3.0	26	214673	557	2.587941e-03	1.722640e-03	370.76	1.232599e-19	1.873551e-17	16.73	81
positions_8nt_m1	3.1	28	214701	529	2.457847e-03	1.613393e-03	347.25	7.755750e-20	1.178874e-17	16.93	82
positions_8nt_m1	3.2	20	214721	509	2.364923e-03	1.518319e-03	326.79	6.778522e-21	1.030335e-18	17.99	83
positions_8nt_m1	3.3	31	214752	478	2.220890e-03	1.428989e-03	307.56	1.445781e-19	2.197587e-17	16.66	84
positions_8nt_m1	3.4	26	214778	452	2.100089e-03	1.352336e-03	291.06	1.527816e-18	2.322280e-16	15.63	85
positions_8nt_m1	3.5	27	214805	425	1.974641e-03	1.270045e-03	273.35	1.279489e-17	1.944824e-15	14.71	86
positions_8nt_m1	3.6	20	214825	405	1.881717e-03	1.183854e-03	254.80	2.646492e-18	4.022668e-16	15.40	87
positions_8nt_m1	3.7	24	214849	381	1.770208e-03	1.112885e-03	239.53	2.276997e-17	3.461036e-15	14.46	88
positions_8nt_m1	3.8	19	214868	362	1.681929e-03	1.051601e-03	226.33	6.457020e-17	9.814671e-15	14.01	89
positions_8nt_m1	3.9	28	214896	334	1.551835e-03	9.871407e-04	212.46	8.330984e-15	1.266310e-12	11.90	90
positions_8nt_m1	4.0	18	214914	316	1.468204e-03	9.273990e-04	199.60	1.849689e-14	2.811527e-12	11.55	91
positions_8nt_m1	4.1	18	214932	298	1.384572e-03	8.637934e-04	185.91	2.433133e-14	3.698363e-12	11.43	92
positions_8nt_m1	4.2	9	214941	289	1.342756e-03	8.147143e-04	175.35	2.533986e-15	3.851659e-13	12.41	93
positions_8nt_m1	4.3	17	214958	272	1.263770e-03	7.570644e-04	162.94	3.946682e-15	5.998957e-13	12.22	94
positions_8nt_m1	4.4	10	214968	262	1.217308e-03	7.079220e-04	152.37	4.869434e-16	7.401539e-14	13.13	95
positions_8nt_m1	4.5	13	214981	249	1.156907e-03	6.657896e-04	143.30	8.199988e-16	1.246398e-13	12.90	96
positions_8nt_m1	4.6	11	214992	238	1.105799e-03	6.178261e-04	132.97	1.566616e-16	2.381257e-14	13.62	97
positions_8nt_m1	4.7	9	215001	229	1.063983e-03	5.804915e-04	124.94	4.809508e-17	7.310452e-15	14.14	98
positions_8nt_m1	4.8	12	215013	217	1.008228e-03	5.421833e-04	116.69	7.121519e-17	1.082471e-14	13.97	99
positions_8nt_m1	4.9	7	215020	210	9.757049e-04	5.034458e-04	108.36	3.439437e-18	5.227944e-16	15.28	100
positions_8nt_m1	5.0	6	215026	204	9.478277e-04	4.733173e-04	101.87	3.663180e-19	5.568034e-17	16.25	101
positions_8nt_m1	5.1	6	215032	198	9.199504e-04	4.385659e-04	94.39	1.030462e-20	1.566302e-18	17.81	102
positions_8nt_m1	5.2	10	215042	188	8.734882e-04	4.123402e-04	88.75	3.498307e-20	5.317427e-18	17.27	103
positions_8nt_m1	5.3	12	215054	176	8.177337e-04	3.816830e-04	82.15	1.807554e-19	2.747482e-17	16.56	104
positions_8nt_m1	5.4	7	215061	169	7.852102e-04	3.553142e-04	76.47	5.253628e-20	7.985515e-18	17.10	105
positions_8nt_m1	5.5	12	215073	157	7.294556e-04	3.339789e-04	71.88	2.861033e-18	4.348770e-16	15.36	106
positions_8nt_m1	5.6	7	215080	150	6.969321e-04	3.093095e-04	66.57	1.172098e-18	1.781589e-16	15.75	107
positions_8nt_m1	5.7	7	215087	143	6.644086e-04	2.894266e-04	62.29	1.596667e-18	2.426933e-16	15.61	108
positions_8nt_m1	5.8	12	215099	131	6.086540e-04	2.698083e-04	58.07	1.496261e-16	2.274317e-14	13.64	109
positions_8nt_m1	5.9	10	215109	121	5.621919e-04	2.500022e-04	53.81	2.521077e-15	3.832037e-13	12.42	110
positions_8nt_m1	6.0	6	215115	115	5.343146e-04	2.340261e-04	50.37	4.454702e-15	6.771147e-13	12.17	111
positions_8nt_m1	6.1	6	215121	109	5.064373e-04	2.152758e-04	46.33	3.406115e-15	5.177295e-13	12.29	112
positions_8nt_m1	6.2	3	215124	106	4.924987e-04	2.013514e-04	43.34	7.018846e-16	1.066865e-13	12.97	113
positions_8nt_m1	6.3	7	215131	99	4.599752e-04	1.847047e-04	39.75	2.081499e-15	3.163879e-13	12.50	114
positions_8nt_m1	6.4	6	215137	93	4.320979e-04	1.705136e-04	36.70	5.268931e-15	8.008775e-13	12.10	115
positions_8nt_m1	6.5	3	215140	90	4.181593e-04	1.587864e-04	34.18	1.659036e-15	2.521734e-13	12.60	116
positions_8nt_m1	6.6	3	215143	87	4.042206e-04	1.469946e-04	31.64	4.392582e-16	6.676725e-14	13.18	117
positions_8nt_m1	6.7	3	215146	84	3.902820e-04	1.366788e-04	29.42	1.764232e-16	2.681633e-14	13.57	118
positions_8nt_m1	6.8	4	215150	80	3.716971e-04	1.256706e-04	27.05	1.385567e-16	2.106061e-14	13.68	119
positions_8nt_m1	6.9	6	215156	74	3.438198e-04	1.156945e-04	24.90	1.436911e-15	2.184104e-13	12.66	120
positions_8nt_m1	7.0	5	215161	69	3.205888e-04	1.077178e-04	23.18	1.167261e-14	1.774236e-12	11.75	121
positions_8nt_m1	7.1	6	215167	63	2.927115e-04	9.884104e-05	21.27	1.948812e-13	2.962194e-11	10.53	122
positions_8nt_m1	7.2	3	215170	60	2.787728e-04	9.218632e-05	19.84	3.052424e-13	4.639685e-11	10.33	123
positions_8nt_m1	7.3	1	215171	59	2.741266e-04	8.437561e-05	18.16	2.586460e-14	3.931419e-12	11.41	124
positions_8nt_m1	7.4	3	215174	56	2.601880e-04	7.766969e-05	16.72	3.409054e-14	5.181762e-12	11.29	125
positions_8nt_m1	7.5	1	215175	55	2.555418e-04	7.212090e-05	15.52	6.254979e-15	9.507568e-13	12.02	126
positions_8nt_m1	7.6	5	215180	50	2.323107e-04	6.586686e-05	14.18	1.195449e-13	1.817082e-11	10.74	127
positions_8nt_m1	7.8	6	215186	44	2.044334e-04	5.580788e-05	12.01	9.857162e-13	1.498289e-10	9.82	128
positions_8nt_m1	7.9	3	215189	41	1.904948e-04	5.046881e-05	10.86	2.284934e-12	3.473099e-10	9.46	129
positions_8nt_m1	8.0	1	215190	40	1.858486e-04	4.645857e-05	10.00	7.309593e-13	1.111058e-10	9.95	130
positions_8nt_m1	8.1	2	215192	38	1.765561e-04	4.235874e-05	9.12	8.128253e-13	1.235494e-10	9.91	131
positions_8nt_m1	8.2	2	215194	36	1.672637e-04	3.865675e-05	8.32	1.120964e-12	1.703865e-10	9.77	132
positions_8nt_m1	8.4	5	215199	31	1.440326e-04	3.206043e-05	6.90	1.574456e-11	2.393173e-09	8.62	133
positions_8nt_m1	8.5	2	215201	29	1.347402e-04	2.909632e-05	6.26	3.462684e-11	5.263279e-09	8.28	134
positions_8nt_m1	8.6	3	215204	26	1.208016e-04	2.669805e-05	5.75	5.561237e-10	8.453080e-08	7.07	135
positions_8nt_m1	8.8	2	215206	24	1.115091e-04	2.183789e-05	4.70	2.431904e-10	3.696494e-08	7.43	136
positions_8nt_m1	8.9	2	215208	22	1.022167e-04	1.931929e-05	4.16	6.989985e-10	1.062478e-07	6.97	137
positions_8nt_m1	9.0	2	215210	20	9.292428e-05	1.753555e-05	3.77	3.945100e-09	5.996552e-07	6.22	138
positions_8nt_m1	9.1	1	215211	19	8.827807e-05	1.603837e-05	3.45	5.249320e-09	7.978966e-07	6.10	139
positions_8nt_m1	9.3	2	215213	17	7.898564e-05	1.329236e-05	2.86	1.099522e-08	1.671274e-06	5.78	140
positions_8nt_m1	9.5	2	215215	15	6.969321e-05	1.066524e-05	2.30	2.323149e-08	3.531187e-06	5.45	141
positions_8nt_m1	9.6	2	215217	13	6.040078e-05	9.680822e-06	2.08	3.269056e-07	4.968965e-05	4.30	142
positions_8nt_m1	9.7	1	215218	12	5.575457e-05	8.754497e-06	1.88	7.413077e-07	1.126788e-04	3.95	143
positions_8nt_m1	10.1	1	215219	11	5.110835e-05	5.754034e-06	1.24	8.499533e-08	1.291929e-05	4.89	144
positions_8nt_m1	10.2	1	215220	10	4.646214e-05	5.238476e-06	1.13	3.296685e-07	5.010961e-05	4.30	145
positions_8nt_m1	10.3	4	215224	6	2.787728e-05	4.678588e-06	1.01	6.158160e-04	9.360404e-02	1.03	146
positions_8nt_m1	10.7	1	215225	5	2.323107e-05	3.138089e-06	0.68	6.702499e-04	1.018780e-01	0.99	147
positions_8nt_m1	10.8	1	215226	4	1.858486e-05	2.823554e-06	0.61	3.512703e-03	5.339308e-01	0.27	148
positions_8nt_m1	11.1	1	215227	3	1.393864e-05	2.128747e-06	0.46	1.141399e-02	1.734926e+00	-0.24	149
positions_8nt_m1	11.2	1	215228	2	9.292428e-06	1.879160e-06	0.40	6.274886e-02	9.537826e+00	-0.98	150
positions_8nt_m1	11.6	1	215229	1	4.646214e-06	9.112237e-07	0.20	1.780879e-01	2.706936e+01	-1.43	151
positions_8nt_m1	12.2	1	215230	0	0.000000e+00	2.808501e-07	0.06	1.000000e+00	1.520000e+02	-2.18	152
; Number of sequences scanned	109
; Sum of sequence lengths	108923
; N residues           	0
; Matches per matrix
;	matrix	name            	matches	scored
;	1	positions_8nt_m1	215229	215229
;		TOTAL          	215229	215229
; Host name	biow
; Job started	2014-09-05.195310
; Job done	2014-09-05.195312
; Seconds	1.34
;	user	1.34
;	system	0.03
;	cuser	0.23
;	csystem	0.02
