#score	occ	co	cco	dCDF
-51.9	10	10	21141168	1
-51.8	0	10	21141168	1
-51.7	35	45	21141133	0.999998
-51.6	0	45	21141133	0.999998
-51.5	39	84	21141094	0.999996
-51.4	9	93	21141085	0.999996
-51.3	26	119	21141059	0.999994
-51.2	59	178	21141000	0.999992
-51.1	75	253	21140925	0.999988
-51	117	370	21140808	0.999982
-50.9	159	529	21140649	0.999975
-50.8	78	607	21140571	0.999971
-50.7	109	716	21140462	0.999966
-50.6	111	827	21140351	0.999961
-50.5	69	896	21140282	0.999958
-50.4	216	1112	21140066	0.999947
-50.3	124	1236	21139942	0.999942
-50.2	307	1543	21139635	0.999927
-50.1	187	1730	21139448	0.999918
-50	208	1938	21139240	0.999908
-49.9	223	2161	21139017	0.999898
-49.8	270	2431	21138747	0.999885
-49.7	225	2656	21138522	0.999874
-49.6	352	3008	21138170	0.999858
-49.5	279	3287	21137891	0.999845
-49.4	383	3670	21137508	0.999826
-49.3	401	4071	21137107	0.999807
-49.2	350	4421	21136757	0.999791
-49.1	658	5079	21136099	0.99976
-49	369	5448	21135730	0.999742
-48.9	692	6140	21135038	0.99971
-48.8	469	6609	21134569	0.999687
-48.7	570	7179	21133999	0.99966
-48.6	816	7995	21133183	0.999622
-48.5	829	8824	21132354	0.999583
-48.4	843	9667	21131511	0.999543
-48.3	784	10451	21130727	0.999506
-48.2	625	11076	21130102	0.999476
-48.1	871	11947	21129231	0.999435
-48	776	12723	21128455	0.999398
-47.9	891	13614	21127564	0.999356
-47.8	894	14508	21126670	0.999314
-47.7	726	15234	21125944	0.999279
-47.6	951	16185	21124993	0.999234
-47.5	681	16866	21124312	0.999202
-47.4	793	17659	21123519	0.999165
-47.3	819	18478	21122700	0.999126
-47.2	900	19378	21121800	0.999083
-47.1	905	20283	21120895	0.999041
-47	884	21167	21120011	0.998999
-46.9	715	21882	21119296	0.998965
-46.8	946	22828	21118350	0.99892
-46.7	801	23629	21117549	0.998882
-46.6	885	24514	21116664	0.99884
-46.5	1206	25720	21115458	0.998783
-46.4	1151	26871	21114307	0.998729
-46.3	1549	28420	21112758	0.998656
-46.2	1140	29560	21111618	0.998602
-46.1	1218	30778	21110400	0.998544
-46	1082	31860	21109318	0.998493
-45.9	1530	33390	21107788	0.998421
-45.8	1528	34918	21106260	0.998348
-45.7	1556	36474	21104704	0.998275
-45.6	1869	38343	21102835	0.998186
-45.5	1891	40234	21100944	0.998097
-45.4	1527	41761	21099417	0.998025
-45.3	1762	43523	21097655	0.997941
-45.2	1974	45497	21095681	0.997848
-45.1	1830	47327	21093851	0.997761
-45	2303	49630	21091548	0.997652
-44.9	2042	51672	21089506	0.997556
-44.8	2862	54534	21086644	0.99742
-44.7	2597	57131	21084047	0.997298
-44.6	2742	59873	21081305	0.997168
-44.5	3362	63235	21077943	0.997009
-44.4	2731	65966	21075212	0.99688
-44.3	3612	69578	21071600	0.996709
-44.2	3775	73353	21067825	0.99653
-44.1	4425	77778	21063400	0.996321
-44	4580	82358	21058820	0.996104
-43.9	5059	87417	21053761	0.995865
-43.8	5569	92986	21048192	0.995602
-43.7	5494	98480	21042698	0.995342
-43.6	5625	104105	21037073	0.995076
-43.5	6919	111024	21030154	0.994748
-43.4	6095	117119	21024059	0.99446
-43.3	6721	123840	21017338	0.994142
-43.2	6802	130642	21010536	0.99382
-43.1	6946	137588	21003590	0.993492
-43	7634	145222	20995956	0.993131
-42.9	7063	152285	20988893	0.992797
-42.8	8592	160877	20980301	0.99239
-42.7	8012	168889	20972289	0.992011
-42.6	7571	176460	20964718	0.991653
-42.5	8415	184875	20956303	0.991255
-42.4	8077	192952	20948226	0.990873
-42.3	8710	201662	20939516	0.990461
-42.2	9206	210868	20930310	0.990026
-42.1	8885	219753	20921425	0.989605
-42	9389	229142	20912036	0.989161
-41.9	9307	238449	20902729	0.988721
-41.8	9426	247875	20893303	0.988275
-41.7	10938	258813	20882365	0.987758
-41.6	9777	268590	20872588	0.987295
-41.5	11075	279665	20861513	0.986772
-41.4	10696	290361	20850817	0.986266
-41.3	11205	301566	20839612	0.985736
-41.2	11493	313059	20828119	0.985192
-41.1	11096	324155	20817023	0.984667
-41	11437	335592	20805586	0.984126
-40.9	10866	346458	20794720	0.983612
-40.8	11025	357483	20783695	0.983091
-40.7	11113	368596	20772582	0.982565
-40.6	10529	379125	20762053	0.982067
-40.5	11932	391057	20750121	0.981503
-40.4	11432	402489	20738689	0.980962
-40.3	10778	413267	20727911	0.980452
-40.2	11373	424640	20716538	0.979914
-40.1	11272	435912	20705266	0.979381
-40	11574	447486	20693692	0.978833
-39.9	12121	459607	20681571	0.97826
-39.8	11612	471219	20669959	0.977711
-39.7	12594	483813	20657365	0.977115
-39.6	13252	497065	20644113	0.976488
-39.5	13184	510249	20630929	0.975865
-39.4	13953	524202	20616976	0.975205
-39.3	14461	538663	20602515	0.974521
-39.2	15042	553705	20587473	0.973809
-39.1	16163	569868	20571310	0.973045
-39	16742	586610	20554568	0.972253
-38.9	17606	604216	20536962	0.97142
-38.8	17855	622071	20519107	0.970575
-38.7	17977	640048	20501130	0.969725
-38.6	19117	659165	20482013	0.968821
-38.5	20321	679486	20461692	0.96786
-38.4	21737	701223	20439955	0.966831
-38.3	21790	723013	20418165	0.965801
-38.2	23152	746165	20395013	0.964706
-38.1	23766	769931	20371247	0.963581
-38	24768	794699	20346479	0.96241
-37.9	26155	820854	20320324	0.961173
-37.8	27207	848061	20293117	0.959886
-37.7	27833	875894	20265284	0.958569
-37.6	29455	905349	20235829	0.957176
-37.5	30961	936310	20204868	0.955712
-37.4	32593	968903	20172275	0.95417
-37.3	32867	1001770	20139408	0.952615
-37.2	35294	1037064	20104114	0.950946
-37.1	36178	1073242	20067936	0.949235
-37	36928	1110170	20031008	0.947488
-36.9	37949	1148119	19993059	0.945693
-36.8	38115	1186234	19954944	0.94389
-36.7	39264	1225498	19915680	0.942033
-36.6	41667	1267165	19874013	0.940062
-36.5	42176	1309341	19831837	0.938067
-36.4	42568	1351909	19789269	0.936053
-36.3	42796	1394705	19746473	0.934029
-36.2	44515	1439220	19701958	0.931923
-36.1	43472	1482692	19658486	0.929867
-36	44306	1526998	19614180	0.927771
-35.9	44546	1571544	19569634	0.925664
-35.8	44270	1615814	19525364	0.92357
-35.7	44970	1660784	19480394	0.921443
-35.6	45163	1705947	19435231	0.919307
-35.5	45485	1751432	19389746	0.917155
-35.4	45548	1796980	19344198	0.915001
-35.3	44815	1841795	19299383	0.912881
-35.2	44388	1886183	19254995	0.910782
-35.1	46563	1932746	19208432	0.908579
-35	46430	1979176	19162002	0.906383
-34.9	44684	2023860	19117318	0.904269
-34.8	45572	2069432	19071746	0.902114
-34.7	46655	2116087	19025091	0.899907
-34.6	45970	2162057	18979121	0.897732
-34.5	46112	2208169	18933009	0.895551
-34.4	45000	2253169	18888009	0.893423
-34.3	44427	2297596	18843582	0.891321
-34.2	43869	2341465	18799713	0.889246
-34.1	43251	2384716	18756462	0.8872
-34	43680	2428396	18712782	0.885134
-33.9	44038	2472434	18668744	0.883051
-33.8	45431	2517865	18623313	0.880902
-33.7	45985	2563850	18577328	0.878727
-33.6	45350	2609200	18531978	0.876582
-33.5	44341	2653541	18487637	0.874485
-33.4	45053	2698594	18442584	0.872354
-33.3	45607	2744201	18396977	0.870196
-33.2	47126	2791327	18349851	0.867967
-33.1	48694	2840021	18301157	0.865664
-33	50393	2890414	18250764	0.86328
-32.9	50638	2941052	18200126	0.860885
-32.8	50856	2991908	18149270	0.85848
-32.7	53223	3045131	18096047	0.855962
-32.6	54936	3100067	18041111	0.853364
-32.5	57533	3157600	17983578	0.850642
-32.4	58559	3216159	17925019	0.847872
-32.3	60569	3276728	17864450	0.845007
-32.2	61337	3338065	17803113	0.842106
-32.1	62919	3400984	17740194	0.83913
-32	63509	3464493	17676685	0.836126
-31.9	65810	3530303	17610875	0.833013
-31.8	66685	3596988	17544190	0.829859
-31.7	67064	3664052	17477126	0.826686
-31.6	71000	3735052	17406126	0.823328
-31.5	72897	3807949	17333229	0.81988
-31.4	74400	3882349	17258829	0.816361
-31.3	77579	3959928	17181250	0.812691
-31.2	79445	4039373	17101805	0.808933
-31.1	79531	4118904	17022274	0.805171
-31	80511	4199415	16941763	0.801363
-30.9	81573	4280988	16860190	0.797505
-30.8	83875	4364863	16776315	0.793537
-30.7	85085	4449948	16691230	0.789513
-30.6	88053	4538001	16603177	0.785348
-30.5	90316	4628317	16512861	0.781076
-30.4	91068	4719385	16421793	0.776768
-30.3	91932	4811317	16329861	0.77242
-30.2	93039	4904356	16236822	0.768019
-30.1	93149	4997505	16143673	0.763613
-30	94635	5092140	16049038	0.759136
-29.9	93934	5186074	15955104	0.754693
-29.8	94960	5281034	15860144	0.750202
-29.7	95195	5376229	15764949	0.745699
-29.6	94887	5471116	15670062	0.74121
-29.5	95381	5566497	15574681	0.736699
-29.4	95054	5661551	15479627	0.732203
-29.3	94994	5756545	15384633	0.727709
-29.2	95148	5851693	15289485	0.723209
-29.1	92292	5943985	15197193	0.718843
-29	93646	6037631	15103547	0.714414
-28.9	90914	6128545	15012633	0.710113
-28.8	90810	6219355	14921823	0.705818
-28.7	91927	6311282	14829896	0.70147
-28.6	91770	6403052	14738126	0.697129
-28.5	90104	6493156	14648022	0.692867
-28.4	85491	6578647	14562531	0.688823
-28.3	85225	6663872	14477306	0.684792
-28.2	85123	6748995	14392183	0.680765
-28.1	85207	6834202	14306976	0.676735
-28	84276	6918478	14222700	0.672749
-27.9	83422	7001900	14139278	0.668803
-27.8	79909	7081809	14059369	0.665023
-27.7	81733	7163542	13977636	0.661157
-27.6	79133	7242675	13898503	0.657414
-27.5	82608	7325283	13815895	0.653506
-27.4	79157	7404440	13736738	0.649762
-27.3	80404	7484844	13656334	0.645959
-27.2	79527	7564371	13576807	0.642197
-27.1	79188	7643559	13497619	0.638452
-27	75993	7719552	13421626	0.634857
-26.9	77684	7797236	13343942	0.631183
-26.8	78652	7875888	13265290	0.627462
-26.7	77280	7953168	13188010	0.623807
-26.6	79573	8032741	13108437	0.620043
-26.5	78714	8111455	13029723	0.61632
-26.4	78248	8189703	12951475	0.612618
-26.3	79785	8269488	12871690	0.608845
-26.2	82947	8352435	12788743	0.604921
-26.1	80192	8432627	12708551	0.601128
-26	81286	8513913	12627265	0.597283
-25.9	80279	8594192	12546986	0.593486
-25.8	84188	8678380	12462798	0.589503
-25.7	86841	8765221	12375957	0.585396
-25.6	86969	8852190	12288988	0.581282
-25.5	88380	8940570	12200608	0.577102
-25.4	87675	9028245	12112933	0.572954
-25.3	90520	9118765	12022413	0.568673
-25.2	92645	9211410	11929768	0.564291
-25.1	96113	9307523	11833655	0.559744
-25	96877	9404400	11736778	0.555162
-24.9	97441	9501841	11639337	0.550553
-24.8	98958	9600799	11540379	0.545872
-24.7	99261	9700060	11441118	0.541177
-24.6	98769	9798829	11342349	0.536505
-24.5	101103	9899932	11241246	0.531723
-24.4	101526	10001458	11139720	0.52692
-24.3	105154	10106612	11034566	0.521947
-24.2	104877	10211489	10929689	0.516986
-24.1	109576	10321065	10820113	0.511803
-24	106393	10427458	10713720	0.50677
-23.9	111926	10539384	10601794	0.501476
-23.8	106146	10645530	10495648	0.496455
-23.7	110986	10756516	10384662	0.491205
-23.6	106803	10863319	10277859	0.486154
-23.5	108565	10971884	10169294	0.481018
-23.4	113903	11085787	10055391	0.475631
-23.3	112188	11197975	9943203	0.470324
-23.2	113540	11311515	9829663	0.464953
-23.1	114292	11425807	9715371	0.459547
-23	114352	11540159	9601019	0.454138
-22.9	110193	11650352	9490826	0.448926
-22.8	111815	11762167	9379011	0.443637
-22.7	109517	11871684	9269494	0.438457
-22.6	108804	11980488	9160690	0.43331
-22.5	105755	12086243	9054935	0.428308
-22.4	106325	12192568	8948610	0.423279
-22.3	109303	12301871	8839307	0.418109
-22.2	107148	12409019	8732159	0.41304
-22.1	104859	12513878	8627300	0.40808
-22	127158	12641036	8500142	0.402066
-21.9	100384	12741420	8399758	0.397317
-21.8	99327	12840747	8300431	0.392619
-21.7	96600	12937347	8203831	0.38805
-21.6	94335	13031682	8109496	0.383588
-21.5	93856	13125538	8015640	0.379148
-21.4	89020	13214558	7926620	0.374937
-21.3	88708	13303266	7837912	0.370741
-21.2	86073	13389339	7751839	0.36667
-21.1	85741	13475080	7666098	0.362615
-21	80920	13556000	7585178	0.358787
-20.9	81468	13637468	7503710	0.354933
-20.8	79256	13716724	7424454	0.351184
-20.7	77867	13794591	7346587	0.347501
-20.6	78083	13872674	7268504	0.343808
-20.5	75822	13948496	7192682	0.340221
-20.4	72671	14021167	7120011	0.336784
-20.3	72083	14093250	7047928	0.333374
-20.2	70079	14163329	6977849	0.33006
-20.1	71840	14235169	6906009	0.326662
-20	69087	14304256	6836922	0.323394
-19.9	96162	14400418	6740760	0.318845
-19.8	68518	14468936	6672242	0.315604
-19.7	69289	14538225	6602953	0.312327
-19.6	68841	14607066	6534112	0.30907
-19.5	68907	14675973	6465205	0.305811
-19.4	66009	14741982	6399196	0.302689
-19.3	67485	14809467	6331711	0.299497
-19.2	66402	14875869	6265309	0.296356
-19.1	68837	14944706	6196472	0.2931
-19	68052	15012758	6128420	0.289881
-18.9	69642	15082400	6058778	0.286587
-18.8	69865	15152265	5988913	0.283282
-18.7	68340	15220605	5920573	0.280049
-18.6	69623	15290228	5850950	0.276756
-18.5	70833	15361061	5780117	0.273406
-18.4	71090	15432151	5709027	0.270043
-18.3	71769	15503920	5637258	0.266648
-18.2	72918	15576838	5564340	0.263199
-18.1	73328	15650166	5491012	0.259731
-18	72538	15722704	5418474	0.2563
-17.9	76005	15798709	5342469	0.252704
-17.8	74446	15873155	5268023	0.249183
-17.7	75767	15948922	5192256	0.245599
-17.6	76968	16025890	5115288	0.241959
-17.5	75658	16101548	5039630	0.23838
-17.4	76292	16177840	4963338	0.234771
-17.3	77799	16255639	4885539	0.231091
-17.2	76352	16331991	4809187	0.22748
-17.1	76643	16408634	4732544	0.223854
-17	76823	16485457	4655721	0.220221
-16.9	77294	16562751	4578427	0.216564
-16.8	76511	16639262	4501916	0.212945
-16.7	78621	16717883	4423295	0.209227
-16.6	75073	16792956	4348222	0.205675
-16.5	76502	16869458	4271720	0.202057
-16.4	73564	16943022	4198156	0.198577
-16.3	74390	17017412	4123766	0.195058
-16.2	73395	17090807	4050371	0.191587
-16.1	74565	17165372	3975806	0.18806
-16	73630	17239002	3902176	0.184577
-15.9	75497	17314499	3826679	0.181006
-15.8	72801	17387300	3753878	0.177562
-15.7	70352	17457652	3683526	0.174235
-15.6	68923	17526575	3614603	0.170975
-15.5	66541	17593116	3548062	0.167827
-15.4	65820	17658936	3482242	0.164714
-15.3	65754	17724690	3416488	0.161603
-15.2	63675	17788365	3352813	0.158592
-15.1	65562	17853927	3287251	0.15549
-15	62779	17916706	3224472	0.152521
-14.9	61885	17978591	3162587	0.149594
-14.8	59830	18038421	3102757	0.146764
-14.7	56657	18095078	3046100	0.144084
-14.6	54406	18149484	2991694	0.14151
-14.5	52854	18202338	2938840	0.13901
-14.4	49731	18252069	2889109	0.136658
-14.3	49744	18301813	2839365	0.134305
-14.2	49017	18350830	2790348	0.131986
-14.1	49289	18400119	2741059	0.129655
-14	48901	18449020	2692158	0.127342
-13.9	46577	18495597	2645581	0.125139
-13.8	44587	18540184	2600994	0.12303
-13.7	41726	18581910	2559268	0.121056
-13.6	40004	18621914	2519264	0.119164
-13.5	39448	18661362	2479816	0.117298
-13.4	37447	18698809	2442369	0.115527
-13.3	37571	18736380	2404798	0.113749
-13.2	35980	18772360	2368818	0.112048
-13.1	36206	18808566	2332612	0.110335
-13	35137	18843703	2297475	0.108673
-12.9	33416	18877119	2264059	0.107092
-12.8	33198	18910317	2230861	0.105522
-12.7	32392	18942709	2198469	0.10399
-12.6	31077	18973786	2167392	0.10252
-12.5	32079	19005865	2135313	0.101003
-12.4	29466	19035331	2105847	0.0996088
-12.3	28579	19063910	2077268	0.098257
-12.2	27907	19091817	2049361	0.0969369
-12.1	30235	19122052	2019126	0.0955068
-12	30171	19152223	1988955	0.0940797
-11.9	30494	19182717	1958461	0.0926373
-11.8	29593	19212310	1928868	0.0912375
-11.7	30833	19243143	1898035	0.0897791
-11.6	29719	19272862	1868316	0.0883733
-11.5	29567	19302429	1838749	0.0869748
-11.4	28936	19331365	1809813	0.0856061
-11.3	29588	19360953	1780225	0.0842065
-11.2	28527	19389480	1751698	0.0828572
-11.1	29131	19418611	1722567	0.0814792
-11	30203	19448814	1692364	0.0800506
-10.9	31277	19480091	1661087	0.0785712
-10.8	30476	19510567	1630611	0.0771296
-10.7	31762	19542329	1598849	0.0756272
-10.6	31844	19574173	1567005	0.074121
-10.5	33781	19607954	1533224	0.0725231
-10.4	32386	19640340	1500838	0.0709912
-10.3	31026	19671366	1469812	0.0695237
-10.2	30145	19701511	1439667	0.0680978
-10.1	30155	19731666	1409512	0.0666714
-10	28291	19759957	1381221	0.0653332
-9.9	29622	19789579	1351599	0.0639321
-9.8	29372	19818951	1322227	0.0625427
-9.7	29144	19848095	1293083	0.0611642
-9.6	31485	19879580	1261598	0.0596749
-9.5	32959	19912539	1228639	0.0581159
-9.4	32496	19945035	1196143	0.0565788
-9.3	32794	19977829	1163349	0.0550276
-9.2	28707	20006536	1134642	0.0536698
-9.1	29091	20035627	1105551	0.0522937
-9	26497	20062124	1079054	0.0510404
-8.9	25449	20087573	1053605	0.0498366
-8.8	25080	20112653	1028525	0.0486503
-8.7	26094	20138747	1002431	0.047416
-8.6	26794	20165541	975637	0.0461487
-8.5	27119	20192660	948518	0.0448659
-8.4	28015	20220675	920503	0.0435408
-8.3	26506	20247181	893997	0.042287
-8.2	24067	20271248	869930	0.0411486
-8.1	22847	20294095	847083	0.0400679
-8	21563	20315658	825520	0.039048
-7.9	22017	20337675	803503	0.0380065
-7.8	19989	20357664	783514	0.037061
-7.7	20418	20378082	763096	0.0360952
-7.6	19921	20398003	743175	0.035153
-7.5	19257	20417260	723918	0.0342421
-7.4	18582	20435842	705336	0.0333631
-7.3	18300	20454142	687036	0.0324975
-7.2	16967	20471109	670069	0.031695
-7.1	16140	20487249	653929	0.0309315
-7	15456	20502705	638473	0.0302004
-6.9	14963	20517668	623510	0.0294927
-6.8	14654	20532322	608856	0.0287995
-6.7	14782	20547104	594074	0.0281003
-6.6	12926	20560030	581148	0.0274889
-6.5	12350	20572380	568798	0.0269047
-6.4	11679	20584059	557119	0.0263523
-6.3	11886	20595945	545233	0.0257901
-6.2	11502	20607447	533731	0.025246
-6.1	11017	20618464	522714	0.0247249
-6	10328	20628792	512386	0.0242364
-5.9	10218	20639010	502168	0.0237531
-5.8	9358	20648368	492810	0.0233104
-5.7	8965	20657333	483845	0.0228864
-5.6	8243	20665576	475602	0.0224965
-5.5	8168	20673744	467434	0.0221101
-5.4	7477	20681221	459957	0.0217565
-5.3	8148	20689369	451809	0.021371
-5.2	7306	20696675	444503	0.0210255
-5.1	7584	20704259	436919	0.0206667
-5	7679	20711938	429240	0.0203035
-4.9	7147	20719085	422093	0.0199654
-4.8	6833	20725918	415260	0.0196422
-4.7	7466	20733384	407794	0.0192891
-4.6	6426	20739810	401368	0.0189851
-4.5	7408	20747218	393960	0.0186347
-4.4	6790	20754008	387170	0.0183135
-4.3	7040	20761048	380130	0.0179805
-4.2	6364	20767412	373766	0.0176795
-4.1	6389	20773801	367377	0.0173773
-4	6625	20780426	360752	0.0170639
-3.9	6327	20786753	354425	0.0167647
-3.8	6944	20793697	347481	0.0164362
-3.7	6900	20800597	340581	0.0161098
-3.6	7004	20807601	333577	0.0157785
-3.5	7225	20814826	326352	0.0154368
-3.4	7449	20822275	318903	0.0150844
-3.3	7183	20829458	311720	0.0147447
-3.2	6680	20836138	305040	0.0144287
-3.1	6732	20842870	298308	0.0141103
-3	6697	20849567	291611	0.0137935
-2.9	6514	20856081	285097	0.0134854
-2.8	6156	20862237	278941	0.0131942
-2.7	6830	20869067	272111	0.0128711
-2.6	6404	20875471	265707	0.0125682
-2.5	6122	20881593	259585	0.0122786
-2.4	6655	20888248	252930	0.0119639
-2.3	6696	20894944	246234	0.0116471
-2.2	6457	20901401	239777	0.0113417
-2.1	6953	20908354	232824	0.0110128
-2	6032	20914386	226792	0.0107275
-1.9	6314	20920700	220478	0.0104288
-1.8	5688	20926388	214790	0.0101598
-1.7	5615	20932003	209175	0.0098942
-1.6	5421	20937424	203754	0.00963778
-1.5	5492	20942916	198262	0.009378
-1.4	5188	20948104	193074	0.0091326
-1.3	5534	20953638	187540	0.00887084
-1.2	5185	20958823	182355	0.00862558
-1.1	5872	20964695	176483	0.00834783
-1	5478	20970173	171005	0.00808872
-0.9	5358	20975531	165647	0.00783528
-0.8	4533	20980064	161114	0.00762086
-0.7	4305	20984369	156809	0.00741723
-0.6	4351	20988720	152458	0.00721142
-0.5	4128	20992848	148330	0.00701617
-0.4	4578	20997426	143752	0.00679962
-0.3	4109	21001535	139643	0.00660526
-0.2	3728	21005263	135915	0.00642892
-0.1	4155	21009418	131760	0.00623239
0	3967	21013385	127793	0.00604474
0.1	3665	21017050	124128	0.00587139
0.2	3271	21020321	120857	0.00571666
0.3	3102	21023423	117755	0.00556994
0.4	3115	21026538	114640	0.00542259
0.5	2696	21029234	111944	0.00529507
0.6	2820	21032054	109124	0.00516168
0.7	3001	21035055	106123	0.00501973
0.8	2756	21037811	103367	0.00488937
0.9	2644	21040455	100723	0.0047643
1	2485	21042940	98238	0.00464676
1.1	2327	21045267	95911	0.00453669
1.2	1846	21047113	94065	0.00444937
1.3	2434	21049547	91631	0.00433424
1.4	2172	21051719	89459	0.0042315
1.5	1903	21053622	87556	0.00414149
1.6	1828	21055450	85728	0.00405502
1.7	1802	21057252	83926	0.00396979
1.8	1231	21058483	82695	0.00391156
1.9	1242	21059725	81453	0.00385281
2	1552	21061277	79901	0.0037794
2.1	1286	21062563	78615	0.00371857
2.2	1938	21064501	76677	0.0036269
2.3	1698	21066199	74979	0.00354659
2.4	1310	21067509	73669	0.00348462
2.5	976	21068485	72693	0.00343846
2.6	953	21069438	71740	0.00339338
2.7	819	21070257	70921	0.00335464
2.8	682	21070939	70239	0.00332238
2.9	732	21071671	69507	0.00328775
3	679	21072350	68828	0.00325564
3.1	896	21073246	67932	0.00321326
3.2	886	21074132	67046	0.00317135
3.3	728	21074860	66318	0.00313691
3.4	821	21075681	65497	0.00309808
3.5	923	21076604	64574	0.00305442
3.6	776	21077380	63798	0.00301771
3.7	1073	21078453	62725	0.00296696
3.8	818	21079271	61907	0.00292827
3.9	813	21080084	61094	0.00288981
4	852	21080936	60242	0.00284951
4.1	983	21081919	59259	0.00280301
4.2	768	21082687	58491	0.00276669
4.3	789	21083476	57702	0.00272937
4.4	702	21084178	57000	0.00269616
4.5	815	21084993	56185	0.00265761
4.6	900	21085893	55285	0.00261504
4.7	855	21086748	54430	0.0025746
4.8	988	21087736	53442	0.00252786
4.9	946	21088682	52496	0.00248312
5	1080	21089762	51416	0.00243203
5.1	1303	21091065	50113	0.0023704
5.2	1137	21092202	48976	0.00231662
5.3	853	21093055	48123	0.00227627
5.4	687	21093742	47436	0.00224377
5.5	997	21094739	46439	0.00219661
5.6	772	21095511	45667	0.0021601
5.7	866	21096377	44801	0.00211913
5.8	998	21097375	43803	0.00207193
5.9	1228	21098603	42575	0.00201384
6	1265	21099868	41310	0.00195401
6.1	1146	21101014	40164	0.0018998
6.2	1064	21102078	39100	0.00184947
6.3	1602	21103680	37498	0.00177369
6.4	1059	21104739	36439	0.0017236
6.5	919	21105658	35520	0.00168013
6.6	1094	21106752	34426	0.00162839
6.7	1241	21107993	33185	0.00156969
6.8	1025	21109018	32160	0.0015212
6.9	1185	21110203	30975	0.00146515
7	1019	21111222	29956	0.00141695
7.1	1277	21112499	28679	0.00135655
7.2	1069	21113568	27610	0.00130598
7.3	923	21114491	26687	0.00126232
7.4	918	21115409	25769	0.0012189
7.5	1185	21116594	24584	0.00116285
7.6	1187	21117781	23397	0.0011067
7.7	1382	21119163	22015	0.00104133
7.8	1643	21120806	20372	0.000963617
7.9	1043	21121849	19329	0.000914282
8	1385	21123234	17944	0.00084877
8.1	973	21124207	16971	0.000802746
8.2	805	21125012	16166	0.000764669
8.3	949	21125961	15217	0.00071978
8.4	501	21126462	14716	0.000696082
8.5	679	21127141	14037	0.000663965
8.6	1121	21128262	12916	0.00061094
8.7	952	21129214	11964	0.00056591
8.8	1240	21130454	10724	0.000507257
8.9	1436	21131890	9288	0.000439332
9	1193	21133083	8095	0.000382902
9.1	705	21133788	7390	0.000349555
9.2	314	21134102	7076	0.000334702
9.3	128	21134230	6948	0.000328648
9.4	185	21134415	6763	0.000319897
9.5	367	21134782	6396	0.000302538
9.6	448	21135230	5948	0.000281347
9.7	662	21135892	5286	0.000250033
9.8	858	21136750	4428	0.000209449
9.9	651	21137401	3777	0.000178656
10	514	21137915	3263	0.000154343
10.1	313	21138228	2950	0.000139538
10.2	119	21138347	2831	0.000133909
10.3	112	21138459	2719	0.000128612
10.4	73	21138532	2646	0.000125159
10.5	60	21138592	2586	0.000122321
10.6	621	21139213	1965	9.29466E-05
10.7	399	21139612	1566	7.40735E-05
10.8	1062	21140674	504	2.38397E-05
10.9	504	21141178	0	0
