#key	theor	matrix_sites_cv_loo	matrix_sites	sequence_set1	sequence_set1_2perm
-51.9	1.0e+00	<NULL>	<NULL>	1	<NULL>
-51.8	1.0e+00	<NULL>	<NULL>	1	<NULL>
-51.7	1.0e+00	<NULL>	<NULL>	0.999998	<NULL>
-51.6	1.0e+00	<NULL>	<NULL>	0.999998	<NULL>
-51.5	1.0e+00	<NULL>	<NULL>	0.999996	<NULL>
-51.4	1.0e+00	<NULL>	<NULL>	0.999996	<NULL>
-51.3	1.0e+00	<NULL>	<NULL>	0.999994	<NULL>
-51.2	1.0e+00	<NULL>	<NULL>	0.999992	<NULL>
-51.1	1.0e+00	<NULL>	<NULL>	0.999988	<NULL>
-51	1.0e+00	<NULL>	<NULL>	0.999982	<NULL>
-50.9	1.0e+00	<NULL>	<NULL>	0.999975	<NULL>
-50.8	1.0e+00	<NULL>	<NULL>	0.999971	<NULL>
-50.7	1.0e+00	<NULL>	<NULL>	0.999966	<NULL>
-50.6	1.0e+00	<NULL>	<NULL>	0.999961	      1
-50.5	1.0e+00	<NULL>	<NULL>	0.999958	      1
-50.4	1.0e+00	1.00000	1.00000	0.999947	0.999999
-50.3	1.0e+00	1.00000	1.00000	0.999942	0.999999
-50.2	1.0e+00	1.00000	1.00000	0.999927	0.999999
-50.1	1.0e+00	1.00000	1.00000	0.999918	0.999998
-50	1.0e+00	1.00000	1.00000	0.999908	0.999998
-49.9	1.0e+00	1.00000	1.00000	0.999898	0.999997
-49.8	1.0e+00	1.00000	1.00000	0.999885	0.999997
-49.7	1.0e+00	1.00000	1.00000	0.999874	0.999996
-49.6	1.0e+00	1.00000	1.00000	0.999858	0.999995
-49.5	1.0e+00	1.00000	1.00000	0.999845	0.999993
-49.4	1.0e+00	1.00000	1.00000	0.999826	0.999991
-49.3	1.0e+00	1.00000	1.00000	0.999807	0.99999
-49.2	1.0e+00	1.00000	1.00000	0.999791	0.999987
-49.1	1.0e+00	1.00000	1.00000	0.99976	0.999984
-49	1.0e+00	1.00000	1.00000	0.999742	0.99998
-48.9	1.0e+00	1.00000	1.00000	0.99971	0.999975
-48.8	1.0e+00	1.00000	1.00000	0.999687	0.99997
-48.7	1.0e+00	1.00000	1.00000	0.99966	0.999966
-48.6	1.0e+00	1.00000	1.00000	0.999622	0.999959
-48.5	1.0e+00	1.00000	1.00000	0.999583	0.999952
-48.4	1.0e+00	1.00000	1.00000	0.999543	0.999945
-48.3	1.0e+00	1.00000	1.00000	0.999506	0.999939
-48.2	1.0e+00	1.00000	1.00000	0.999476	0.999931
-48.1	1.0e+00	1.00000	1.00000	0.999435	0.99992
-48	1.0e+00	1.00000	1.00000	0.999398	0.999909
-47.9	1.0e+00	1.00000	1.00000	0.999356	0.999896
-47.8	1.0e+00	1.00000	1.00000	0.999314	0.999885
-47.7	1.0e+00	1.00000	1.00000	0.999279	0.999869
-47.6	1.0e+00	1.00000	1.00000	0.999234	0.999855
-47.5	1.0e+00	1.00000	1.00000	0.999202	0.999833
-47.4	1.0e+00	1.00000	1.00000	0.999165	0.999816
-47.3	1.0e+00	1.00000	1.00000	0.999126	 0.9998
-47.2	1.0e+00	1.00000	1.00000	0.999083	0.999782
-47.1	1.0e+00	1.00000	1.00000	0.999041	0.999762
-47	1.0e+00	1.00000	1.00000	0.998999	0.999736
-46.9	1.0e+00	1.00000	1.00000	0.998965	0.999713
-46.8	1.0e+00	1.00000	1.00000	0.99892	0.999692
-46.7	1.0e+00	1.00000	1.00000	0.998882	0.99967
-46.6	1.0e+00	1.00000	1.00000	0.99884	0.999638
-46.5	1.0e+00	1.00000	1.00000	0.998783	0.999611
-46.4	1.0e+00	1.00000	1.00000	0.998729	0.999582
-46.3	1.0e+00	1.00000	1.00000	0.998656	0.999558
-46.2	1.0e+00	1.00000	1.00000	0.998602	0.999529
-46.1	1.0e+00	1.00000	1.00000	0.998544	0.999495
-46	1.0e+00	1.00000	1.00000	0.998493	0.99946
-45.9	1.0e+00	1.00000	1.00000	0.998421	0.999426
-45.8	1.0e+00	1.00000	1.00000	0.998348	0.99939
-45.7	1.0e+00	1.00000	1.00000	0.998275	0.999357
-45.6	1.0e+00	1.00000	1.00000	0.998186	0.999315
-45.5	1.0e+00	1.00000	1.00000	0.998097	0.999267
-45.4	1.0e+00	1.00000	1.00000	0.998025	0.999221
-45.3	1.0e+00	1.00000	1.00000	0.997941	0.999167
-45.2	1.0e+00	1.00000	1.00000	0.997848	0.999116
-45.1	1.0e+00	1.00000	1.00000	0.997761	0.99906
-45	1.0e+00	1.00000	1.00000	0.997652	0.999004
-44.9	1.0e+00	1.00000	1.00000	0.997556	0.998931
-44.8	1.0e+00	1.00000	1.00000	0.99742	0.998863
-44.7	1.0e+00	1.00000	1.00000	0.997298	0.998796
-44.6	1.0e+00	1.00000	1.00000	0.997168	0.998719
-44.5	1.0e+00	1.00000	1.00000	0.997009	0.998644
-44.4	1.0e+00	1.00000	1.00000	0.99688	0.99855
-44.3	1.0e+00	1.00000	1.00000	0.996709	0.998451
-44.2	1.0e+00	1.00000	1.00000	0.99653	0.998343
-44.1	1.0e+00	1.00000	1.00000	0.996321	0.998229
-44	1.0e+00	1.00000	1.00000	0.996104	0.998085
-43.9	1.0e+00	1.00000	1.00000	0.995865	0.997932
-43.8	1.0e+00	1.00000	1.00000	0.995602	0.997763
-43.7	9.9e-01	1.00000	1.00000	0.995342	0.99759
-43.6	9.9e-01	1.00000	1.00000	0.995076	0.997408
-43.5	9.9e-01	1.00000	1.00000	0.994748	0.997204
-43.4	9.9e-01	1.00000	1.00000	0.99446	0.996988
-43.3	9.9e-01	1.00000	1.00000	0.994142	0.996764
-43.2	9.9e-01	1.00000	1.00000	0.99382	0.996537
-43.1	9.9e-01	1.00000	1.00000	0.993492	0.996296
-43	9.9e-01	1.00000	1.00000	0.993131	0.996034
-42.9	9.9e-01	1.00000	1.00000	0.992797	0.995737
-42.8	9.9e-01	1.00000	1.00000	0.99239	0.995433
-42.7	9.9e-01	1.00000	1.00000	0.992011	0.995122
-42.6	9.9e-01	1.00000	1.00000	0.991653	0.994804
-42.5	9.9e-01	1.00000	1.00000	0.991255	0.994469
-42.4	9.9e-01	1.00000	1.00000	0.990873	0.994128
-42.3	9.9e-01	1.00000	1.00000	0.990461	0.993787
-42.2	9.9e-01	1.00000	1.00000	0.990026	0.993427
-42.1	9.9e-01	1.00000	1.00000	0.989605	0.993075
-42	9.9e-01	1.00000	1.00000	0.989161	 0.9927
-41.9	9.9e-01	1.00000	1.00000	0.988721	0.992302
-41.8	9.9e-01	1.00000	1.00000	0.988275	0.991859
-41.7	9.9e-01	1.00000	1.00000	0.987758	0.991423
-41.6	9.9e-01	1.00000	1.00000	0.987295	0.990984
-41.5	9.9e-01	1.00000	1.00000	0.986772	0.990519
-41.4	9.9e-01	1.00000	1.00000	0.986266	0.990057
-41.3	9.8e-01	1.00000	1.00000	0.985736	0.989588
-41.2	9.8e-01	1.00000	1.00000	0.985192	0.989132
-41.1	9.8e-01	1.00000	1.00000	0.984667	0.988657
-41	9.8e-01	1.00000	1.00000	0.984126	0.988176
-40.9	9.8e-01	1.00000	1.00000	0.983612	0.987672
-40.8	9.8e-01	1.00000	1.00000	0.983091	0.987164
-40.7	9.8e-01	1.00000	1.00000	0.982565	0.98665
-40.6	9.8e-01	1.00000	1.00000	0.982067	0.986153
-40.5	9.8e-01	1.00000	1.00000	0.981503	0.985639
-40.4	9.8e-01	1.00000	1.00000	0.980962	0.985121
-40.3	9.8e-01	1.00000	1.00000	0.980452	0.984588
-40.2	9.8e-01	1.00000	1.00000	0.979914	0.984058
-40.1	9.8e-01	1.00000	1.00000	0.979381	0.983509
-40	9.8e-01	1.00000	1.00000	0.978833	0.982954
-39.9	9.8e-01	1.00000	1.00000	0.97826	0.982406
-39.8	9.8e-01	1.00000	1.00000	0.977711	0.981819
-39.7	9.8e-01	1.00000	1.00000	0.977115	0.981213
-39.6	9.7e-01	1.00000	1.00000	0.976488	0.98059
-39.5	9.7e-01	1.00000	1.00000	0.975865	0.979971
-39.4	9.7e-01	1.00000	1.00000	0.975205	0.979293
-39.3	9.7e-01	1.00000	1.00000	0.974521	0.978613
-39.2	9.7e-01	1.00000	1.00000	0.973809	0.977877
-39.1	9.7e-01	1.00000	1.00000	0.973045	0.977151
-39	9.7e-01	1.00000	1.00000	0.972253	0.976378
-38.9	9.7e-01	1.00000	1.00000	0.97142	0.975585
-38.8	9.7e-01	1.00000	1.00000	0.970575	0.974765
-38.7	9.7e-01	1.00000	1.00000	0.969725	0.973946
-38.6	9.7e-01	1.00000	1.00000	0.968821	0.973063
-38.5	9.7e-01	1.00000	1.00000	0.96786	0.972137
-38.4	9.6e-01	1.00000	1.00000	0.966831	0.971175
-38.3	9.6e-01	1.00000	1.00000	0.965801	0.970164
-38.2	9.6e-01	1.00000	1.00000	0.964706	0.969122
-38.1	9.6e-01	1.00000	1.00000	0.963581	0.968031
-38	9.6e-01	1.00000	1.00000	0.96241	0.966938
-37.9	9.6e-01	1.00000	1.00000	0.961173	0.965748
-37.8	9.6e-01	1.00000	1.00000	0.959886	0.964558
-37.7	9.6e-01	1.00000	1.00000	0.958569	0.963272
-37.6	9.5e-01	1.00000	1.00000	0.957176	0.961983
-37.5	9.5e-01	1.00000	1.00000	0.955712	0.960634
-37.4	9.5e-01	1.00000	1.00000	0.95417	0.959242
-37.3	9.5e-01	1.00000	1.00000	0.952615	0.957782
-37.2	9.5e-01	1.00000	1.00000	0.950946	0.956275
-37.1	9.5e-01	1.00000	1.00000	0.949235	0.954742
-37	9.4e-01	1.00000	1.00000	0.947488	0.953162
-36.9	9.4e-01	1.00000	1.00000	0.945693	0.951483
-36.8	9.4e-01	1.00000	1.00000	0.94389	0.949743
-36.7	9.4e-01	1.00000	1.00000	0.942033	0.948015
-36.6	9.4e-01	1.00000	1.00000	0.940062	0.946273
-36.5	9.4e-01	1.00000	1.00000	0.938067	0.944441
-36.4	9.3e-01	1.00000	1.00000	0.936053	0.94257
-36.3	9.3e-01	1.00000	1.00000	0.934029	0.940645
-36.2	9.3e-01	1.00000	1.00000	0.931923	0.93872
-36.1	9.3e-01	1.00000	1.00000	0.929867	0.936854
-36	9.3e-01	1.00000	1.00000	0.927771	0.934844
-35.9	9.2e-01	1.00000	1.00000	0.925664	0.932851
-35.8	9.2e-01	1.00000	1.00000	0.92357	0.930795
-35.7	9.2e-01	1.00000	1.00000	0.921443	0.928705
-35.6	9.2e-01	1.00000	1.00000	0.919307	0.926615
-35.5	9.1e-01	1.00000	1.00000	0.917155	0.924494
-35.4	9.1e-01	1.00000	1.00000	0.915001	0.922373
-35.3	9.1e-01	1.00000	1.00000	0.912881	0.920189
-35.2	9.1e-01	1.00000	1.00000	0.910782	0.918054
-35.1	9.0e-01	1.00000	1.00000	0.908579	0.915911
-35	9.0e-01	1.00000	1.00000	0.906383	0.913741
-34.9	9.0e-01	1.00000	1.00000	0.904269	0.911595
-34.8	9.0e-01	1.00000	1.00000	0.902114	0.909413
-34.7	9.0e-01	1.00000	1.00000	0.899907	0.907352
-34.6	8.9e-01	1.00000	1.00000	0.897732	0.905217
-34.5	8.9e-01	1.00000	1.00000	0.895551	0.903065
-34.4	8.9e-01	1.00000	1.00000	0.893423	0.900917
-34.3	8.9e-01	1.00000	1.00000	0.891321	0.898752
-34.2	8.8e-01	1.00000	1.00000	0.889246	0.896571
-34.1	8.8e-01	1.00000	1.00000	0.8872	0.894344
-34	8.8e-01	1.00000	1.00000	0.885134	0.892167
-33.9	8.8e-01	1.00000	1.00000	0.883051	0.889938
-33.8	8.7e-01	1.00000	1.00000	0.880902	0.887693
-33.7	8.7e-01	1.00000	1.00000	0.878727	0.885438
-33.6	8.7e-01	1.00000	1.00000	0.876582	0.883089
-33.5	8.7e-01	1.00000	1.00000	0.874485	0.880829
-33.4	8.7e-01	1.00000	1.00000	0.872354	0.878486
-33.3	8.6e-01	1.00000	1.00000	0.870196	 0.8761
-33.2	8.6e-01	1.00000	1.00000	0.867967	0.873637
-33.1	8.6e-01	1.00000	1.00000	0.865664	0.871125
-33	8.6e-01	1.00000	1.00000	0.86328	0.86861
-32.9	8.5e-01	1.00000	1.00000	0.860885	0.866062
-32.8	8.5e-01	1.00000	1.00000	0.85848	0.863563
-32.7	8.5e-01	1.00000	1.00000	0.855962	0.86091
-32.6	8.5e-01	1.00000	1.00000	0.853364	0.858198
-32.5	8.4e-01	1.00000	1.00000	0.850642	0.855416
-32.4	8.4e-01	1.00000	1.00000	0.847872	0.852561
-32.3	8.4e-01	1.00000	1.00000	0.845007	0.849711
-32.2	8.4e-01	1.00000	1.00000	0.842106	0.846759
-32.1	8.3e-01	1.00000	1.00000	0.83913	0.843749
-32	8.3e-01	1.00000	1.00000	0.836126	0.840683
-31.9	8.3e-01	1.00000	1.00000	0.833013	0.837552
-31.8	8.2e-01	1.00000	1.00000	0.829859	0.834365
-31.7	8.2e-01	1.00000	1.00000	0.826686	0.831119
-31.6	8.2e-01	1.00000	1.00000	0.823328	0.827806
-31.5	8.1e-01	1.00000	1.00000	0.81988	0.824504
-31.4	8.1e-01	1.00000	1.00000	0.816361	0.821128
-31.3	8.0e-01	1.00000	1.00000	0.812691	0.817571
-31.2	8.0e-01	1.00000	1.00000	0.808933	0.813873
-31.1	8.0e-01	1.00000	1.00000	0.805171	0.810038
-31	7.9e-01	1.00000	1.00000	0.801363	0.806176
-30.9	7.9e-01	1.00000	1.00000	0.797505	0.802305
-30.8	7.9e-01	1.00000	1.00000	0.793537	0.798359
-30.7	7.8e-01	1.00000	1.00000	0.789513	0.794354
-30.6	7.8e-01	1.00000	1.00000	0.785348	0.790333
-30.5	7.7e-01	1.00000	1.00000	0.781076	0.786235
-30.4	7.7e-01	1.00000	1.00000	0.776768	0.782229
-30.3	7.6e-01	1.00000	1.00000	0.77242	0.777959
-30.2	7.6e-01	1.00000	1.00000	0.768019	0.773811
-30.1	7.5e-01	1.00000	1.00000	0.763613	0.769536
-30	7.5e-01	1.00000	1.00000	0.759136	0.765356
-29.9	7.5e-01	1.00000	1.00000	0.754693	0.761078
-29.8	7.4e-01	1.00000	1.00000	0.750202	0.756739
-29.7	7.4e-01	1.00000	1.00000	0.745699	0.752386
-29.6	7.3e-01	1.00000	1.00000	0.74121	0.74798
-29.5	7.3e-01	1.00000	1.00000	0.736699	0.743667
-29.4	7.2e-01	1.00000	1.00000	0.732203	0.739313
-29.3	7.2e-01	1.00000	1.00000	0.727709	0.734965
-29.2	7.1e-01	1.00000	1.00000	0.723209	0.730593
-29.1	7.1e-01	1.00000	1.00000	0.718843	0.726236
-29	7.0e-01	1.00000	1.00000	0.714414	0.721893
-28.9	7.0e-01	1.00000	1.00000	0.710113	0.717488
-28.8	6.9e-01	1.00000	1.00000	0.705818	0.713088
-28.7	6.9e-01	1.00000	1.00000	0.70147	0.708783
-28.6	6.9e-01	1.00000	1.00000	0.697129	0.70434
-28.5	6.8e-01	1.00000	1.00000	0.692867	0.700096
-28.4	6.8e-01	1.00000	1.00000	0.688823	0.695719
-28.3	6.7e-01	1.00000	1.00000	0.684792	0.691494
-28.2	6.7e-01	1.00000	1.00000	0.680765	0.687169
-28.1	6.6e-01	1.00000	1.00000	0.676735	0.682901
-28	6.6e-01	1.00000	1.00000	0.672749	0.678763
-27.9	6.6e-01	1.00000	1.00000	0.668803	0.674563
-27.8	6.5e-01	1.00000	1.00000	0.665023	0.670455
-27.7	6.5e-01	1.00000	1.00000	0.661157	0.666385
-27.6	6.4e-01	1.00000	1.00000	0.657414	0.66239
-27.5	6.4e-01	1.00000	1.00000	0.653506	0.658434
-27.4	6.4e-01	1.00000	1.00000	0.649762	0.654446
-27.3	6.3e-01	1.00000	1.00000	0.645959	0.65058
-27.2	6.3e-01	1.00000	1.00000	0.642197	0.646706
-27.1	6.2e-01	1.00000	1.00000	0.638452	0.642761
-27	6.2e-01	1.00000	1.00000	0.634857	0.638841
-26.9	6.2e-01	1.00000	1.00000	0.631183	0.635013
-26.8	6.1e-01	1.00000	1.00000	0.627462	0.631216
-26.7	6.1e-01	1.00000	1.00000	0.623807	0.627373
-26.6	6.0e-01	1.00000	1.00000	0.620043	0.623562
-26.5	6.0e-01	1.00000	1.00000	0.61632	0.619707
-26.4	6.0e-01	1.00000	1.00000	0.612618	0.615781
-26.3	5.9e-01	1.00000	1.00000	0.608845	0.611851
-26.2	5.9e-01	1.00000	1.00000	0.604921	0.607977
-26.1	5.9e-01	1.00000	1.00000	0.601128	0.603966
-26	5.8e-01	1.00000	1.00000	0.597283	0.599975
-25.9	5.8e-01	1.00000	1.00000	0.593486	0.595944
-25.8	5.7e-01	1.00000	1.00000	0.589503	0.591871
-25.7	5.7e-01	1.00000	1.00000	0.585396	0.587798
-25.6	5.7e-01	1.00000	1.00000	0.581282	0.583661
-25.5	5.6e-01	1.00000	1.00000	0.577102	0.579452
-25.4	5.6e-01	1.00000	1.00000	0.572954	0.575347
-25.3	5.5e-01	1.00000	1.00000	0.568673	0.570934
-25.2	5.5e-01	1.00000	1.00000	0.564291	0.566593
-25.1	5.4e-01	1.00000	1.00000	0.559744	0.56213
-25	5.4e-01	1.00000	1.00000	0.555162	0.557579
-24.9	5.4e-01	1.00000	1.00000	0.550553	0.553048
-24.8	5.3e-01	1.00000	1.00000	0.545872	0.548427
-24.7	5.3e-01	1.00000	1.00000	0.541177	0.543767
-24.6	5.2e-01	1.00000	1.00000	0.536505	0.539001
-24.5	5.2e-01	1.00000	1.00000	0.531723	0.534299
-24.4	5.1e-01	1.00000	1.00000	0.52692	0.529512
-24.3	5.1e-01	1.00000	1.00000	0.521947	0.524787
-24.2	5.0e-01	1.00000	1.00000	0.516986	0.519952
-24.1	5.0e-01	1.00000	1.00000	0.511803	0.515042
-24	4.9e-01	1.00000	1.00000	0.50677	0.510045
-23.9	4.9e-01	1.00000	1.00000	0.501476	0.505061
-23.8	4.8e-01	1.00000	1.00000	0.496455	0.499852
-23.7	4.8e-01	1.00000	1.00000	0.491205	0.494713
-23.6	4.7e-01	1.00000	1.00000	0.486154	0.489504
-23.5	4.7e-01	1.00000	1.00000	0.481018	0.484309
-23.4	4.6e-01	1.00000	1.00000	0.475631	0.479053
-23.3	4.6e-01	1.00000	1.00000	0.470324	0.473842
-23.2	4.5e-01	1.00000	1.00000	0.464953	0.468635
-23.1	4.5e-01	1.00000	1.00000	0.459547	0.46331
-23	4.4e-01	1.00000	1.00000	0.454138	0.458147
-22.9	4.3e-01	1.00000	1.00000	0.448926	0.45278
-22.8	4.3e-01	1.00000	1.00000	0.443637	0.447604
-22.7	4.2e-01	1.00000	1.00000	0.438457	0.44227
-22.6	4.2e-01	1.00000	1.00000	0.43331	0.437094
-22.5	4.1e-01	1.00000	1.00000	0.428308	0.431963
-22.4	4.1e-01	1.00000	1.00000	0.423279	0.426842
-22.3	4.0e-01	1.00000	1.00000	0.418109	0.421914
-22.2	4.0e-01	1.00000	1.00000	0.41304	0.416883
-22.1	3.9e-01	1.00000	1.00000	0.40808	0.412115
-22	3.9e-01	1.00000	1.00000	0.402066	0.407388
-21.9	3.8e-01	1.00000	1.00000	0.397317	0.40144
-21.8	3.8e-01	1.00000	1.00000	0.392619	0.39683
-21.7	3.7e-01	1.00000	1.00000	0.38805	0.392237
-21.6	3.7e-01	1.00000	1.00000	0.383588	0.387802
-21.5	3.6e-01	1.00000	1.00000	0.379148	0.383358
-21.4	3.6e-01	1.00000	1.00000	0.374937	0.378913
-21.3	3.6e-01	1.00000	1.00000	0.370741	0.374658
-21.2	3.5e-01	1.00000	1.00000	0.36667	0.37039
-21.1	3.5e-01	1.00000	1.00000	0.362615	0.36634
-21	3.4e-01	1.00000	1.00000	0.358787	0.36227
-20.9	3.4e-01	1.00000	1.00000	0.354933	0.358304
-20.8	3.4e-01	1.00000	1.00000	0.351184	0.354388
-20.7	3.3e-01	1.00000	1.00000	0.347501	0.350509
-20.6	3.3e-01	1.00000	1.00000	0.343808	0.346794
-20.5	3.2e-01	1.00000	1.00000	0.340221	0.342946
-20.4	3.2e-01	1.00000	1.00000	0.336784	0.33933
-20.3	3.2e-01	1.00000	1.00000	0.333374	0.335635
-20.2	3.1e-01	1.00000	1.00000	0.33006	0.332116
-20.1	3.1e-01	1.00000	1.00000	0.326662	0.328702
-20	3.1e-01	1.00000	1.00000	0.323394	0.325289
-19.9	3.0e-01	1.00000	1.00000	0.318845	0.322055
-19.8	3.0e-01	1.00000	1.00000	0.315604	0.317496
-19.7	3.0e-01	1.00000	1.00000	0.312327	0.314248
-19.6	3.0e-01	1.00000	1.00000	0.30907	0.311088
-19.5	2.9e-01	1.00000	1.00000	0.305811	0.307817
-19.4	2.9e-01	1.00000	1.00000	0.302689	0.304668
-19.3	2.9e-01	1.00000	1.00000	0.299497	0.30152
-19.2	2.8e-01	1.00000	1.00000	0.296356	0.29826
-19.1	2.8e-01	1.00000	1.00000	0.2931	0.295133
-19	2.8e-01	1.00000	1.00000	0.289881	0.291878
-18.9	2.7e-01	1.00000	1.00000	0.286587	0.288588
-18.8	2.7e-01	1.00000	1.00000	0.283282	0.285459
-18.7	2.7e-01	1.00000	1.00000	0.280049	0.282259
-18.6	2.6e-01	1.00000	1.00000	0.276756	0.279028
-18.5	2.6e-01	1.00000	1.00000	0.273406	0.275824
-18.4	2.6e-01	1.00000	1.00000	0.270043	0.272448
-18.3	2.6e-01	1.00000	1.00000	0.266648	0.269086
-18.2	2.5e-01	1.00000	1.00000	0.263199	0.265776
-18.1	2.5e-01	1.00000	1.00000	0.259731	0.262357
-18	2.5e-01	1.00000	1.00000	0.2563	0.259031
-17.9	2.4e-01	1.00000	1.00000	0.252704	0.255601
-17.8	2.4e-01	1.00000	1.00000	0.249183	0.252139
-17.7	2.4e-01	1.00000	1.00000	0.245599	0.248663
-17.6	2.3e-01	1.00000	1.00000	0.241959	0.245151
-17.5	2.3e-01	1.00000	1.00000	0.23838	0.241644
-17.4	2.3e-01	1.00000	1.00000	0.234771	0.238121
-17.3	2.2e-01	1.00000	1.00000	0.231091	0.234643
-17.2	2.2e-01	1.00000	1.00000	0.22748	0.231087
-17.1	2.2e-01	1.00000	1.00000	0.223854	0.227651
-17	2.1e-01	1.00000	1.00000	0.220221	0.224127
-16.9	2.1e-01	1.00000	1.00000	0.216564	0.220675
-16.8	2.0e-01	1.00000	1.00000	0.212945	0.217197
-16.7	2.0e-01	1.00000	1.00000	0.209227	0.213632
-16.6	2.0e-01	1.00000	1.00000	0.205675	0.210123
-16.5	1.9e-01	1.00000	1.00000	0.202057	0.206607
-16.4	1.9e-01	1.00000	1.00000	0.198577	0.203088
-16.3	1.9e-01	1.00000	1.00000	0.195058	0.199557
-16.2	1.8e-01	1.00000	1.00000	0.191587	0.196003
-16.1	1.8e-01	1.00000	1.00000	0.18806	0.192476
-16	1.8e-01	1.00000	1.00000	0.184577	0.188959
-15.9	1.7e-01	1.00000	1.00000	0.181006	0.185415
-15.8	1.7e-01	1.00000	1.00000	0.177562	0.181978
-15.7	1.7e-01	1.00000	1.00000	0.174235	0.178513
-15.6	1.6e-01	1.00000	1.00000	0.170975	0.175166
-15.5	1.6e-01	1.00000	1.00000	0.167827	0.171767
-15.4	1.6e-01	1.00000	1.00000	0.164714	0.168531
-15.3	1.5e-01	1.00000	1.00000	0.161603	0.165198
-15.2	1.5e-01	1.00000	1.00000	0.158592	0.161902
-15.1	1.5e-01	1.00000	1.00000	0.15549	0.158767
-15	1.5e-01	1.00000	1.00000	0.152521	 0.1556
-14.9	1.4e-01	1.00000	1.00000	0.149594	0.152623
-14.8	1.4e-01	1.00000	1.00000	0.146764	0.149666
-14.7	1.4e-01	1.00000	1.00000	0.144084	0.146795
-14.6	1.3e-01	1.00000	1.00000	0.14151	0.144062
-14.5	1.3e-01	1.00000	1.00000	0.13901	0.141386
-14.4	1.3e-01	1.00000	1.00000	0.136658	0.138747
-14.3	1.3e-01	1.00000	1.00000	0.134305	0.13622
-14.2	1.2e-01	1.00000	1.00000	0.131986	0.13375
-14.1	1.2e-01	1.00000	1.00000	0.129655	0.13131
-14	1.2e-01	1.00000	1.00000	0.127342	0.128983
-13.9	1.2e-01	1.00000	1.00000	0.125139	0.126666
-13.8	1.2e-01	1.00000	1.00000	0.12303	0.124367
-13.7	1.1e-01	1.00000	1.00000	0.121056	0.122245
-13.6	1.1e-01	1.00000	1.00000	0.119164	0.120132
-13.5	1.1e-01	1.00000	1.00000	0.117298	0.118165
-13.4	1.1e-01	1.00000	1.00000	0.115527	0.116223
-13.3	1.1e-01	1.00000	1.00000	0.113749	0.114281
-13.2	1.0e-01	1.00000	1.00000	0.112048	0.112462
-13.1	1.0e-01	1.00000	1.00000	0.110335	0.110595
-13	1.0e-01	1.00000	1.00000	0.108673	0.108848
-12.9	9.9e-02	1.00000	1.00000	0.107092	0.107068
-12.8	9.7e-02	1.00000	1.00000	0.105522	0.105363
-12.7	9.5e-02	1.00000	1.00000	0.10399	0.103781
-12.6	9.4e-02	1.00000	1.00000	0.10252	0.102177
-12.5	9.2e-02	1.00000	1.00000	0.101003	0.100701
-12.4	9.1e-02	1.00000	1.00000	0.0996088	0.0992022
-12.3	9.0e-02	1.00000	1.00000	0.098257	0.0977097
-12.2	8.8e-02	1.00000	1.00000	0.0969369	0.0962686
-12.1	8.7e-02	1.00000	1.00000	0.0955068	0.0948458
-12	8.6e-02	1.00000	1.00000	0.0940797	0.0934404
-11.9	8.4e-02	1.00000	1.00000	0.0926373	0.0919771
-11.8	8.3e-02	1.00000	1.00000	0.0912375	0.0905987
-11.7	8.2e-02	1.00000	1.00000	0.0897791	0.0891793
-11.6	8.0e-02	1.00000	1.00000	0.0883733	0.0877856
-11.5	7.9e-02	1.00000	1.00000	0.0869748	0.0864125
-11.4	7.8e-02	1.00000	1.00000	0.0856061	0.0849982
-11.3	7.7e-02	1.00000	1.00000	0.0842065	0.0836002
-11.2	7.5e-02	1.00000	1.00000	0.0828572	0.0822323
-11.1	7.4e-02	1.00000	1.00000	0.0814792	0.0808152
-11	7.3e-02	1.00000	1.00000	0.0800506	0.0794453
-10.9	7.2e-02	1.00000	1.00000	0.0785712	0.0780484
-10.8	7.0e-02	1.00000	1.00000	0.0771296	0.0765927
-10.7	6.9e-02	1.00000	1.00000	0.0756272	0.0751358
-10.6	6.8e-02	1.00000	1.00000	0.074121	0.0736993
-10.5	6.6e-02	1.00000	1.00000	0.0725231	0.0722312
-10.4	6.5e-02	1.00000	1.00000	0.0709912	0.0707907
-10.3	6.4e-02	1.00000	1.00000	0.0695237	0.0693457
-10.2	6.2e-02	1.00000	1.00000	0.0680978	0.0678987
-10.1	6.1e-02	1.00000	1.00000	0.0666714	0.0664719
-10	6.0e-02	1.00000	1.00000	0.0653332	0.0649934
-9.9	5.9e-02	1.00000	1.00000	0.0639321	0.063553
-9.8	5.7e-02	1.00000	1.00000	0.0625427	0.062152
-9.7	5.6e-02	1.00000	1.00000	0.0611642	0.0607557
-9.6	5.4e-02	1.00000	1.00000	0.0596749	0.0593687
-9.5	5.3e-02	1.00000	1.00000	0.0581159	0.0579985
-9.4	5.2e-02	1.00000	1.00000	0.0565788	0.0566506
-9.3	5.1e-02	1.00000	1.00000	0.0550276	0.0552781
-9.2	4.9e-02	1.00000	1.00000	0.0536698	0.0538994
-9.1	4.8e-02	1.00000	1.00000	0.0522937	0.0525759
-9	4.7e-02	1.00000	1.00000	0.0510404	0.0512099
-8.9	4.6e-02	1.00000	1.00000	0.0498366	0.0499168
-8.8	4.4e-02	1.00000	1.00000	0.0486503	0.0485907
-8.7	4.3e-02	1.00000	1.00000	0.047416	0.0473002
-8.6	4.2e-02	1.00000	1.00000	0.0461487	0.0459907
-8.5	4.1e-02	1.00000	1.00000	0.0448659	0.0446997
-8.4	4.0e-02	1.00000	1.00000	0.0435408	0.0434584
-8.3	3.9e-02	1.00000	1.00000	0.042287	0.0422221
-8.2	3.7e-02	1.00000	1.00000	0.0411486	0.0410383
-8.1	3.6e-02	1.00000	1.00000	0.0400679	0.0397599
-8	3.5e-02	1.00000	1.00000	0.039048	0.0385806
-7.9	3.4e-02	1.00000	1.00000	0.0380065	0.0374622
-7.8	3.3e-02	1.00000	1.00000	0.037061	0.0363578
-7.7	3.2e-02	1.00000	1.00000	0.0360952	0.0352926
-7.6	3.1e-02	1.00000	1.00000	0.035153	0.0342511
-7.5	3.0e-02	1.00000	1.00000	0.0342421	0.0332529
-7.4	2.9e-02	1.00000	1.00000	0.0333631	0.0322862
-7.3	2.9e-02	1.00000	1.00000	0.0324975	0.0313789
-7.2	2.8e-02	1.00000	1.00000	0.031695	0.0305263
-7.1	2.7e-02	1.00000	1.00000	0.0309315	0.0296514
-7	2.6e-02	1.00000	1.00000	0.0302004	0.0288304
-6.9	2.5e-02	1.00000	1.00000	0.0294927	0.0280351
-6.8	2.5e-02	1.00000	1.00000	0.0287995	0.0272619
-6.7	2.4e-02	1.00000	1.00000	0.0281003	0.0265555
-6.6	2.3e-02	1.00000	1.00000	0.0274889	0.0258076
-6.5	2.3e-02	1.00000	1.00000	0.0269047	0.0251292
-6.4	2.2e-02	1.00000	1.00000	0.0263523	0.024471
-6.3	2.1e-02	1.00000	1.00000	0.0257901	0.0238562
-6.2	2.1e-02	1.00000	1.00000	0.025246	0.0232766
-6.1	2.0e-02	1.00000	1.00000	0.0247249	0.0226976
-6	2.0e-02	1.00000	1.00000	0.0242364	0.0221659
-5.9	1.9e-02	1.00000	1.00000	0.0237531	0.0216274
-5.8	1.9e-02	1.00000	1.00000	0.0233104	0.0211176
-5.7	1.8e-02	1.00000	1.00000	0.0228864	0.0206303
-5.6	1.8e-02	1.00000	1.00000	0.0224965	0.02015
-5.5	1.7e-02	1.00000	1.00000	0.0221101	0.0196893
-5.4	1.7e-02	1.00000	1.00000	0.0217565	0.0192425
-5.3	1.7e-02	1.00000	1.00000	0.021371	0.0188291
-5.2	1.6e-02	1.00000	1.00000	0.0210255	0.0184335
-5.1	1.6e-02	1.00000	1.00000	0.0206667	0.0180603
-5	1.6e-02	1.00000	1.00000	0.0203035	0.0177008
-4.9	1.5e-02	1.00000	1.00000	0.0199654	0.0172945
-4.8	1.5e-02	1.00000	1.00000	0.0196422	0.0169642
-4.7	1.5e-02	1.00000	1.00000	0.0192891	0.0166194
-4.6	1.4e-02	1.00000	1.00000	0.0189851	0.0163138
-4.5	1.4e-02	1.00000	1.00000	0.0186347	0.0159852
-4.4	1.4e-02	1.00000	1.00000	0.0183135	0.0156518
-4.3	1.3e-02	1.00000	1.00000	0.0179805	0.015334
-4.2	1.3e-02	1.00000	1.00000	0.0176795	0.0150044
-4.1	1.3e-02	1.00000	1.00000	0.0173773	0.0147047
-4	1.3e-02	1.00000	1.00000	0.0170639	0.0143721
-3.9	1.2e-02	1.00000	1.00000	0.0167647	0.0140555
-3.8	1.2e-02	1.00000	1.00000	0.0164362	0.0137598
-3.7	1.2e-02	1.00000	1.00000	0.0161098	0.0134617
-3.6	1.2e-02	1.00000	1.00000	0.0157785	0.0131627
-3.5	1.1e-02	1.00000	1.00000	0.0154368	0.0128522
-3.4	1.1e-02	1.00000	1.00000	0.0150844	0.0125334
-3.3	1.1e-02	1.00000	1.00000	0.0147447	0.012225
-3.2	1.0e-02	1.00000	1.00000	0.0144287	0.0119179
-3.1	1.0e-02	1.00000	1.00000	0.0141103	0.0116165
-3	9.9e-03	1.00000	1.00000	0.0137935	0.0112929
-2.9	9.6e-03	1.00000	1.00000	0.0134854	0.0109792
-2.8	9.3e-03	1.00000	1.00000	0.0131942	0.0106625
-2.7	9.1e-03	1.00000	1.00000	0.0128711	0.0103637
-2.6	8.9e-03	1.00000	1.00000	0.0125682	0.0100541
-2.5	8.6e-03	1.00000	1.00000	0.0122786	0.0097478
-2.4	8.3e-03	1.00000	1.00000	0.0119639	0.00945085
-2.3	8.0e-03	1.00000	1.00000	0.0116471	0.00914885
-2.2	7.8e-03	1.00000	1.00000	0.0113417	0.00886062
-2.1	7.5e-03	1.00000	1.00000	0.0110128	0.00857296
-2	7.3e-03	1.00000	1.00000	0.0107275	0.00829169
-1.9	7.0e-03	1.00000	1.00000	0.0104288	0.00803266
-1.8	6.8e-03	1.00000	1.00000	0.0101598	0.00774498
-1.7	6.5e-03	1.00000	1.00000	0.0098942	0.00746791
-1.6	6.3e-03	1.00000	1.00000	0.00963778	0.00719451
-1.5	6.1e-03	1.00000	1.00000	0.009378	0.00694018
-1.4	5.9e-03	1.00000	1.00000	0.0091326	0.00668697
-1.3	5.6e-03	1.00000	1.00000	0.00887084	0.00643046
-1.2	5.4e-03	1.00000	1.00000	0.00862558	0.00618769
-1.1	5.2e-03	1.00000	1.00000	0.00834783	0.00594546
-1	5.0e-03	1.00000	1.00000	0.00808872	0.00571406
-0.9	4.8e-03	1.00000	1.00000	0.00783528	0.00546996
-0.8	4.6e-03	1.00000	1.00000	0.00762086	0.00524526
-0.7	4.4e-03	1.00000	1.00000	0.00741723	0.00500987
-0.6	4.2e-03	1.00000	1.00000	0.00721142	0.0047897
-0.5	4.0e-03	1.00000	1.00000	0.00701617	0.00459738
-0.4	3.8e-03	1.00000	1.00000	0.00679962	0.00439867
-0.3	3.7e-03	1.00000	1.00000	0.00660526	0.00421112
-0.2	3.5e-03	1.00000	1.00000	0.00642892	0.00401555
-0.1	3.4e-03	1.00000	1.00000	0.00623239	0.00383299
0	3.2e-03	1.00000	1.00000	0.00604474	0.00366782
0.1	3.1e-03	1.00000	1.00000	0.00587139	0.00351336
0.2	2.9e-03	1.00000	1.00000	0.00571666	0.00335334
0.3	2.8e-03	1.00000	1.00000	0.00556994	0.00321444
0.4	2.6e-03	1.00000	1.00000	0.00542259	0.00307386
0.5	2.5e-03	1.00000	1.00000	0.00529507	0.00294364
0.6	2.4e-03	1.00000	1.00000	0.00516168	0.00282134
0.7	2.3e-03	1.00000	1.00000	0.00501973	0.00269524
0.8	2.2e-03	1.00000	1.00000	0.00488937	0.00257885
0.9	2.1e-03	1.00000	1.00000	0.0047643	0.00246505
1	2.0e-03	1.00000	1.00000	0.00464676	0.00237014
1.1	2.0e-03	1.00000	1.00000	0.00453669	0.00227648
1.2	1.9e-03	1.00000	1.00000	0.00444937	0.00218935
1.3	1.8e-03	1.00000	1.00000	0.00433424	0.00209648
1.4	1.7e-03	1.00000	1.00000	0.0042315	0.00201711
1.5	1.6e-03	1.00000	1.00000	0.00414149	0.00194313
1.6	1.6e-03	1.00000	1.00000	0.00405502	0.00187435
1.7	1.5e-03	1.00000	1.00000	0.00396979	0.00180404
1.8	1.5e-03	1.00000	1.00000	0.00391156	0.00174212
1.9	1.4e-03	1.00000	1.00000	0.00385281	0.00167481
2	1.4e-03	1.00000	1.00000	0.0037794	0.00162486
2.1	1.3e-03	1.00000	1.00000	0.00371857	0.00157229
2.2	1.3e-03	1.00000	1.00000	0.0036269	0.00152217
2.3	1.2e-03	1.00000	1.00000	0.00354659	0.00147629
2.4	1.2e-03	1.00000	1.00000	0.00348462	0.00143913
2.5	1.2e-03	1.00000	1.00000	0.00343846	0.00139522
2.6	1.1e-03	1.00000	1.00000	0.00339338	0.0013552
2.7	1.1e-03	1.00000	1.00000	0.00335464	0.00132102
2.8	1.0e-03	1.00000	1.00000	0.00332238	0.00128344
2.9	1.0e-03	1.00000	1.00000	0.00328775	0.00125771
3	9.9e-04	1.00000	1.00000	0.00325564	0.00121989
3.1	9.6e-04	1.00000	1.00000	0.00321326	0.00118879
3.2	9.4e-04	1.00000	1.00000	0.00317135	0.00115663
3.3	9.1e-04	1.00000	0.99768	0.00313691	0.00112274
3.4	8.9e-04	1.00000	0.99768	0.00309808	0.00109623
3.5	8.6e-04	1.00000	0.99768	0.00305442	0.00106172
3.6	8.3e-04	1.00000	0.99768	0.00301771	0.0010345
3.7	8.1e-04	1.00000	0.99768	0.00296696	0.0010047
3.8	7.8e-04	0.99628	0.99768	0.00292827	0.000973479
3.9	7.6e-04	0.99257	0.99304	0.00288981	0.00094945
4	7.3e-04	0.98885	0.99072	0.00284951	0.000922442
4.1	7.1e-04	0.98885	0.98608	0.00280301	0.000891956
4.2	6.9e-04	0.98885	0.98376	0.00276669	0.000857828
4.3	6.6e-04	0.98141	0.98376	0.00272937	0.000830465
4.4	6.4e-04	0.98141	0.98376	0.00269616	0.000802202
4.5	6.2e-04	0.98141	0.98376	0.00265761	0.000772024
4.6	6.0e-04	0.97770	0.98376	0.00261504	0.000742154
4.7	5.8e-04	0.97770	0.98376	0.0025746	0.000711999
4.8	5.6e-04	0.97770	0.98376	0.00252786	0.000685108
4.9	5.4e-04	0.97026	0.98376	0.00248312	0.000659022
5	5.2e-04	0.96654	0.98376	0.00243203	0.000630428
5.1	4.9e-04	0.96654	0.98376	0.0023704	0.000604176
5.2	4.7e-04	0.96283	0.97912	0.00231662	0.000577404
5.3	4.4e-04	0.96283	0.97448	0.00227627	0.000552027
5.4	4.2e-04	0.96283	0.97216	0.00224377	0.000530647
5.5	4.0e-04	0.95911	0.96520	0.00219661	0.000509858
5.6	3.9e-04	0.95539	0.95824	0.0021601	0.000486704
5.7	3.7e-04	0.95539	0.95360	0.00211913	0.000461493
5.8	3.6e-04	0.94796	0.93735	0.00207193	0.000436565
5.9	3.4e-04	0.93680	0.93039	0.00201384	0.000415824
6	3.2e-04	0.92937	0.92575	0.00195401	0.000399055
6.1	3.0e-04	0.92565	0.92343	0.0018998	0.000375334
6.2	2.9e-04	0.92565	0.91415	0.00184947	0.000356484
6.3	2.7e-04	0.89963	0.90487	0.00177369	0.000338865
6.4	2.6e-04	0.88476	0.89791	0.0017236	0.00031985
6.5	2.4e-04	0.87732	0.88167	0.00168013	0.000301048
6.6	2.2e-04	0.87732	0.87703	0.00162839	0.000281962
6.7	2.1e-04	0.84758	0.85615	0.00156969	0.000263278
6.8	1.9e-04	0.81413	0.83991	0.0015212	0.000244807
6.9	1.8e-04	0.80297	0.82599	0.00146515	0.00022643
7	1.7e-04	0.78439	0.81671	0.00141695	0.000211956
7.1	1.6e-04	0.77323	0.80510	0.00135655	0.000199894
7.2	1.5e-04	0.74721	0.78190	0.00130598	0.00018516
7.3	1.4e-04	0.73234	0.76798	0.00126232	0.000166405
7.4	1.3e-04	0.70632	0.75174	0.0012189	0.000154722
7.5	1.2e-04	0.68030	0.73782	0.00116285	0.000143772
7.6	1.1e-04	0.65056	0.71462	0.0011067	0.000132609
7.7	1.0e-04	0.62082	0.68445	0.00104133	0.000122202
7.8	8.8e-05	0.58736	0.66125	0.000963617	0.000110211
7.9	7.6e-05	0.54647	0.63805	0.000914282	0.000103258
8	6.9e-05	0.51673	0.63109	0.00084877	9.50988e-05
8.1	6.2e-05	0.49442	0.60789	0.000802746	8.77198e-05
8.2	5.9e-05	0.47212	0.58701	0.000764669	7.7219e-05
8.3	5.3e-05	0.44238	0.57309	0.00071978	6.97691e-05
8.4	5.0e-05	0.39777	0.55220	0.000696082	6.28158e-05
8.5	4.7e-05	0.36059	0.53132	0.000663965	5.48929e-05
8.6	4.3e-05	0.33086	0.49884	0.00061094	5.04229e-05
8.7	3.9e-05	0.29740	0.45940	0.00056591	4.4463e-05
8.8	3.5e-05	0.27509	0.43387	0.000507257	3.90943e-05
8.9	2.9e-05	0.25651	0.38747	0.000439332	3.57123e-05
9	2.3e-05	0.23792	0.35499	0.000382902	2.98706e-05
9.1	1.8e-05	0.20074	0.33875	0.000349555	2.6796e-05
9.2	1.7e-05	0.17100	0.32715	0.000334702	2.25626e-05
9.3	1.5e-05	0.13755	0.31787	0.000328648	1.76669e-05
9.4	1.4e-05	0.12268	0.30858	0.000319897	1.43795e-05
9.5	1.3e-05	0.10781	0.29930	0.000302538	1.35281e-05
9.6	1.2e-05	0.08178	0.27610	0.000281347	1.08319e-05
9.7	1.1e-05	0.06691	0.23666	0.000250033	9.22371e-06
9.8	9.0e-06	0.06691	0.21578	0.000209449	7.33166e-06
9.9	6.7e-06	0.06691	0.20186	0.000178656	6.22009e-06
10	5.3e-06	0.05576	0.17169	0.000154343	5.22677e-06
10.1	3.9e-06	0.03346	0.15777	0.000139538	3.33472e-06
10.2	3.4e-06	0.01115	0.14385	0.000133909	2.90901e-06
10.3	2.9e-06	<NULL>	0.14153	0.000128612	2.31775e-06
10.4	2.6e-06	<NULL>	0.12993	0.000125159	2.03395e-06
10.5	2.2e-06	<NULL>	0.12297	0.000122321	1.93934e-06
10.6	2.1e-06	<NULL>	0.11601	9.29466E-05	8.75069e-07
10.7	1.8e-06	<NULL>	0.06265	7.40735E-05	6.14914e-07
10.8	1.1e-06	<NULL>	0.03248	2.38397E-05	6.14914e-07
10.9	3.5e-07	<NULL>	0.01392	0	9.46021e-08
11	3.5e-07	<NULL>	<NULL>	<NULL>	4.73011e-08
